0.11,0.13,0.15,0.16,0.16,0.17,0.18,0.19,0.19,0.2,0.21,0.22,0.22,0.23,0.23,0.23,0.24,0.24,0.25,0.25,0.27,0.28,0.3,0.31,0.33,0.34,0.35,0.37,0.38,0.4,0.41,0.43,0.45,0.47,0.49,0.51,0.53,0.55,0.58,0.6,0.63,0.65,0.68,0.71,0.74,0.77,0.81,0.84,0.88,0.92,0.96,1,1.05,1.09,1.14,1.19,1.25,1.3,1.36,1.43,1.49,1.56,1.63,1.7,1.78,1.86,1.95,2.03,2.13,2.22,2.32,2.42,2.52,2.63,2.73,2.84,2.96,3.07,3.2
0.4,0.45,0.48,0.51,0.54,0.56,0.58,0.61,0.63,0.66,0.68,0.7,0.72,0.73,0.74,0.75,0.76,0.78,0.8,0.83,0.87,0.92,0.96,1.01,1.06,1.1,1.15,1.19,1.24,1.29,1.34,1.39,1.45,1.51,1.57,1.64,1.71,1.79,1.87,1.95,2.03,2.12,2.21,2.3,2.4,2.5,2.61,2.72,2.84,2.96,3.09,3.23,3.37,3.52,3.67,3.84,4.01,4.19,4.38,4.57,4.78,4.99,5.21,5.44,5.68,5.93,6.19,6.45,6.73,7.02,7.31,7.61,7.91,8.21,8.53,8.85,9.18,9.51,9.85
0.86,0.95,1.02,1.08,1.13,1.18,1.23,1.27,1.32,1.37,1.42,1.45,1.49,1.51,1.53,1.55,1.58,1.62,1.68,1.75,1.83,1.93,2.02,2.12,2.21,2.31,2.4,2.49,2.59,2.69,2.8,2.91,3.03,3.16,3.29,3.44,3.59,3.74,3.91,4.07,4.24,4.42,4.61,4.8,5,5.21,5.44,5.67,5.91,6.17,6.43,6.72,7.01,7.31,7.64,7.97,8.32,8.69,9.07,9.47,9.88,10.31,10.76,11.22,11.7,12.19,12.71,13.24,13.79,14.35,14.91,15.48,16.06,16.65,17.26,17.87,18.49,19.12,19.76
1.42,1.55,1.65,1.74,1.82,1.89,1.97,2.04,2.12,2.19,2.26,2.31,2.36,2.39,2.43,2.47,2.52,2.6,2.69,2.81,2.95,3.1,3.25,3.39,3.54,3.68,3.83,3.98,4.14,4.3,4.47,4.65,4.84,5.05,5.27,5.5,5.74,5.99,6.24,6.5,6.77,7.05,7.35,7.66,7.98,8.31,8.66,9.03,9.41,9.82,10.24,10.68,11.14,11.62,12.13,12.65,13.2,13.77,14.37,14.98,15.62,16.29,16.98,17.69,18.42,19.18,19.96,20.77,21.59,22.42,23.26,24.11,24.97,25.84,26.72,27.61,28.52,29.43,30.36
2.27,2.45,2.6,2.73,2.85,2.96,3.08,3.2,3.31,3.41,3.5,3.58,3.64,3.7,3.76,3.83,3.93,4.06,4.23,4.42,4.63,4.85,5.08,5.3,5.53,5.75,5.98,6.21,6.46,6.71,6.98,7.26,7.56,7.89,8.23,8.59,8.96,9.34,9.73,10.13,10.55,10.99,11.44,11.92,12.42,12.94,13.48,14.05,14.64,15.26,15.91,16.59,17.29,18.03,18.81,19.61,20.44,21.31,22.21,23.15,24.12,25.12,26.15,27.22,28.32,29.45,30.61,31.79,32.99,34.21,35.43,36.66,37.9,39.16,40.42,41.7,42.98,44.28,45.59
3.34,3.58,3.78,3.96,4.13,4.3,4.46,4.62,4.77,4.91,5.03,5.13,5.22,5.31,5.41,5.53,5.7,5.9,6.15,6.42,6.73,7.04,7.36,7.67,7.99,8.31,8.64,8.98,9.33,9.69,10.09,10.5,10.95,11.42,11.91,12.42,12.95,13.49,14.05,14.63,15.24,15.86,16.51,17.19,17.9,18.65,19.42,20.23,21.08,21.96,22.89,23.85,24.86,25.91,27,28.14,29.31,30.54,31.81,33.12,34.47,35.87,37.3,38.78,40.29,41.85,43.43,45.04,46.67,48.31,49.96,51.61,53.27,54.95,56.63,58.32,60.02,61.72,63.44
4.64,4.95,5.21,5.45,5.69,5.91,6.12,6.33,6.52,6.69,6.84,6.98,7.1,7.24,7.39,7.59,7.83,8.13,8.47,8.85,9.25,9.67,10.1,10.52,10.95,11.39,11.83,12.3,12.78,13.29,13.84,14.41,15.02,15.67,16.33,17.03,17.74,18.48,19.24,20.03,20.85,21.7,22.58,23.51,24.47,25.48,26.53,27.62,28.77,29.96,31.21,32.51,33.86,35.27,36.74,38.26,39.83,41.46,43.14,44.88,46.67,48.51,50.39,52.33,54.31,56.33,58.37,60.44,62.53,64.63,66.73,68.84,70.94,73.06,75.17,77.29,79.42,81.55,83.7
5.94,6.31,6.63,6.93,7.21,7.48,7.74,7.98,8.2,8.4,8.59,8.76,8.93,9.12,9.35,9.62,9.95,10.34,10.76,11.24,11.74,12.26,12.79,13.32,13.86,14.4,14.97,15.55,16.17,16.82,17.53,18.26,19.03,19.84,20.67,21.54,22.43,23.35,24.31,25.29,26.32,27.39,28.5,29.65,30.86,32.12,33.43,34.8,36.23,37.72,39.26,40.88,42.56,44.3,46.11,47.98,49.91,51.92,53.98,56.1,58.27,60.5,62.78,65.12,67.49,69.89,72.33,74.78,77.25,79.72,82.19,84.66,87.12,89.58,92.04,94.5,96.96,99.42,101.9
7.7,8.16,8.56,8.93,9.28,9.61,9.92,10.21,10.47,10.71,10.95,11.17,11.42,11.69,12.01,12.38,12.83,13.33,13.88,14.48,15.11,15.77,16.44,17.11,17.79,18.49,19.22,19.98,20.78,21.63,22.54,23.47,24.46,25.49,26.55,27.65,28.79,29.96,31.17,32.42,33.73,35.09,36.5,37.97,39.5,41.09,42.76,44.49,46.29,48.17,50.12,52.16,54.26,56.45,58.71,61.05,63.46,65.94,68.49,71.11,73.78,76.53,79.32,82.16,85.04,87.94,90.87,93.82,96.77,99.73,102.67,105.6,108.51,111.42,114.32,117.21,120.1,122.99,125.9
9.73,10.29,10.77,11.21,11.63,12.02,12.38,12.71,13.02,13.32,13.62,13.93,14.26,14.64,15.07,15.56,16.13,16.76,17.44,18.19,18.97,19.78,20.6,21.44,22.29,23.16,24.08,25.05,26.07,27.14,28.27,29.44,30.66,31.94,33.26,34.62,36.03,37.48,38.98,40.54,42.16,43.84,45.58,47.4,49.3,51.27,53.32,55.46,57.68,59.99,62.39,64.88,67.45,70.12,72.87,75.71,78.63,81.62,84.7,87.84,91.05,94.32,97.63,101,104.39,107.81,111.24,114.68,118.12,121.56,124.97,128.35,131.72,135.06,138.4,141.72,145.03,148.35,151.71
13.51,14.23,14.87,15.45,15.99,16.49,16.95,17.39,17.81,18.23,18.66,19.12,19.61,20.17,20.79,21.49,22.28,23.15,24.08,25.09,26.16,27.26,28.38,29.52,30.69,31.9,33.18,34.53,35.94,37.41,38.97,40.57,42.23,43.97,45.76,47.62,49.53,51.52,53.56,55.68,57.88,60.17,62.55,65.02,67.59,70.27,73.05,75.94,78.94,82.06,85.28,88.63,92.08,95.64,99.32,103.09,106.96,110.93,114.98,119.11,123.32,127.58,131.9,136.25,140.64,145.04,149.45,153.86,158.25,162.62,166.95,171.25,175.51,179.74,183.95,188.15,192.34,196.55,200.81
17.89,18.81,19.6,20.33,20.99,21.6,22.19,22.75,23.3,23.87,24.48,25.12,25.82,26.59,27.43,28.36,29.42,30.55,31.78,33.1,34.48,35.91,37.38,38.87,40.42,42.04,43.74,45.52,47.38,49.32,51.34,53.43,55.61,57.87,60.2,62.61,65.11,67.69,70.36,73.12,75.98,78.95,82.04,85.25,88.59,92.05,95.65,99.38,103.25,107.26,111.41,115.69,120.1,124.64,129.32,134.1,138.99,143.99,149.09,154.26,159.51,164.81,170.16,175.54,180.93,186.34,191.74,197.11,202.46,207.77,213.03,218.23,223.38,228.49,233.58,238.66,243.74,248.87,254.11
22.92,24.02,24.98,25.84,26.64,27.39,28.1,28.82,29.55,30.31,31.12,31.99,32.92,33.93,35.02,36.23,37.58,39.03,40.58,42.25,43.99,45.79,47.66,49.57,51.57,53.65,55.83,58.1,60.45,62.91,65.46,68.1,70.84,73.69,76.63,79.67,82.82,86.07,89.43,92.9,96.51,100.24,104.12,108.15,112.33,116.67,121.17,125.82,130.64,135.62,140.76,146.05,151.5,157.08,162.81,168.66,174.63,180.7,186.88,193.12,199.43,205.78,212.17,218.58,224.98,231.38,237.75,244.08,250.36,256.59,262.74,268.82,274.84,280.83,286.79,292.74,298.74,304.85,311.16
28.58,29.88,30.99,32.01,32.95,33.85,34.74,35.64,36.58,37.57,38.63,39.76,40.95,42.24,43.61,45.12,46.81,48.61,50.53,52.58,54.72,56.96,59.29,61.69,64.19,66.78,69.49,72.31,75.22,78.24,81.39,84.64,88.01,91.51,95.12,98.86,102.72,106.71,110.83,115.09,119.51,124.09,128.84,133.76,138.87,144.15,149.62,155.27,161.11,167.13,173.32,179.69,186.21,192.89,199.72,206.66,213.73,220.9,228.15,235.47,242.83,250.23,257.64,265.04,272.43,279.78,287.09,294.33,301.5,308.6,315.6,322.52,329.38,336.2,343.02,349.87,356.82,363.98,371.54
34.9,36.38,37.66,38.84,39.95,41.03,42.13,43.26,44.46,45.71,47.05,48.47,49.95,51.53,53.23,55.08,57.16,59.35,61.67,64.15,66.75,69.49,72.34,75.29,78.34,81.51,84.81,88.21,91.73,95.38,99.18,103.09,107.16,111.37,115.72,120.22,124.87,129.67,134.62,139.74,145.05,150.54,156.22,162.11,168.21,174.51,181.02,187.72,194.63,201.74,209.03,216.52,224.15,231.95,239.89,247.95,256.11,264.37,272.68,281.05,289.43,297.83,306.21,314.56,322.86,331.11,339.28,347.37,355.36,363.25,371.04,378.74,386.38,394.01,401.66,409.41,417.39,425.77,434.85
41.85,43.53,44.99,46.35,47.66,48.97,50.32,51.72,53.21,54.76,56.41,58.14,59.94,61.87,63.93,66.16,68.67,71.27,74.05,77.02,80.15,83.45,86.89,90.44,94.1,97.89,101.81,105.86,110.04,114.37,118.89,123.53,128.34,133.34,138.49,143.82,149.31,154.98,160.84,166.89,173.15,179.62,186.31,193.23,200.37,207.74,215.34,223.14,231.17,239.41,247.83,256.44,265.2,274.12,283.16,292.31,301.54,310.84,320.18,329.53,338.88,348.2,357.48,366.69,375.81,384.86,393.79,402.61,411.32,419.91,428.39,436.78,445.12,453.49,461.96,470.65,479.76,489.62,500.73
49.46,51.35,53.01,54.59,56.15,57.73,59.37,61.08,62.89,64.77,66.77,68.83,70.99,73.31,75.76,78.43,81.39,84.46,87.76,91.3,95.02,98.94,103.02,107.21,111.54,115.99,120.6,125.34,130.25,135.33,140.61,146.04,151.68,157.52,163.54,169.75,176.17,182.79,189.62,196.66,203.94,211.46,219.22,227.23,235.49,243.98,252.72,261.68,270.87,280.27,289.85,299.61,309.51,319.55,329.7,339.93,350.22,360.54,370.87,381.18,391.45,401.66,411.78,421.8,431.71,441.49,451.14,460.65,470.04,479.29,488.43,497.5,506.56,515.72,525.11,534.93,545.54,557.46,571.62
57.74,59.85,61.76,63.61,65.46,67.36,69.33,71.39,73.55,75.79,78.15,80.6,83.16,85.89,88.81,91.93,95.39,99,102.88,107.05,111.43,116.03,120.79,125.69,130.71,135.88,141.22,146.73,152.42,158.31,164.42,170.71,177.22,183.97,190.93,198.1,205.5,213.14,221.01,229.12,237.49,246.12,255.01,264.17,273.59,283.27,293.19,303.34,313.72,324.31,335.06,345.99,357.03,368.19,379.44,390.73,402.04,413.35,424.64,435.86,447,458.04,468.96,479.74,490.36,500.84,511.16,521.32,531.33,541.22,551.01,560.78,570.62,580.68,591.2,602.52,615.22,630.27,649.31
66.7,69.1,71.29,73.46,75.65,77.91,80.25,82.68,85.23,87.85,90.61,93.49,96.49,99.7,103.09,106.73,110.75,114.98,119.51,124.37,129.46,134.77,140.28,145.91,151.68,157.63,163.77,170.09,176.62,183.37,190.38,197.59,205.06,212.78,220.73,228.93,237.39,246.11,255.08,264.32,273.84,283.64,293.72,304.08,314.71,325.61,336.75,348.12,359.72,371.49,383.43,395.52,407.69,419.95,432.26,444.58,456.88,469.14,481.33,493.41,505.37,517.18,528.84,540.32,551.61,562.73,573.67,584.43,595.06,605.58,616.04,626.55,637.28,648.47,660.49,673.94,689.83,709.89,737.12
76.42,79.13,81.67,84.2,86.77,89.43,92.16,95,97.94,101,104.21,107.54,111.05,114.76,118.67,122.89,127.56,132.47,137.72,143.31,149.15,155.25,161.52,167.94,174.52,181.3,188.29,195.49,202.92,210.61,218.57,226.77,235.24,244,253.02,262.32,271.89,281.75,291.89,302.32,313.04,324.07,335.38,346.99,358.86,371.01,383.4,396,408.81,421.79,434.89,448.12,461.4,474.73,488.07,501.37,514.61,527.76,540.8,553.68,566.39,578.92,591.25,603.37,615.28,626.99,638.51,649.86,661.08,672.25,683.44,694.83,706.67,719.36,733.53,750.23,771.25,799.72,841.36
81.24,84.13,86.87,89.62,92.41,95.28,98.23,101.28,104.46,107.75,111.2,114.82,118.58,122.55,126.77,131.33,136.36,141.64,147.26,153.22,159.43,165.87,172.51,179.29,186.25,193.42,200.81,208.41,216.26,224.37,232.77,241.4,250.32,259.54,269.03,278.8,288.85,299.19,309.81,320.71,331.91,343.39,355.15,367.19,379.48,392.02,404.77,417.7,430.8,444.03,457.35,470.76,484.17,497.58,510.96,524.26,537.45,550.52,563.44,576.17,588.69,601.01,613.11,624.99,636.65,648.11,659.39,670.53,681.6,692.7,703.96,715.63,728.11,742,758.33,778.82,806.51,846.93,910.47
86.23,89.32,92.27,95.23,98.25,101.33,104.49,107.77,111.19,114.72,118.45,122.31,126.33,130.62,135.18,140.09,145.49,151.13,157.12,163.45,170,176.81,183.8,190.96,198.3,205.86,213.65,221.66,229.92,238.46,247.29,256.36,265.73,275.41,285.36,295.59,306.12,316.92,328.01,339.37,351.01,362.93,375.11,387.55,400.22,413.09,426.16,439.37,452.71,466.14,479.62,493.14,506.62,520.06,533.43,546.66,559.77,572.7,585.45,597.98,610.29,622.37,634.22,645.84,657.24,668.46,679.53,690.51,701.5,712.65,724.17,736.45,750.08,766.05,786.05,813,852.25,913.85,1000
91.4,94.7,97.87,101.05,104.27,107.57,110.96,114.47,118.13,121.93,125.91,130.03,134.36,138.98,143.9,149.18,154.94,160.95,167.3,173.97,180.89,188.04,195.41,202.95,210.67,218.62,226.81,235.23,243.92,252.88,262.14,271.65,281.48,291.6,302.01,312.7,323.68,334.94,346.47,358.26,370.33,382.65,395.22,408.02,421.02,434.19,447.52,460.96,474.49,488.06,501.64,515.21,528.71,542.12,555.42,568.55,581.51,594.27,606.81,619.12,631.17,643,654.58,665.93,677.09,688.09,698.98,709.88,720.91,732.3,744.4,757.79,773.43,792.94,819.19,857.33,917.08,1000,1000
96.77,100.29,103.67,107.06,110.49,114.01,117.64,121.39,125.31,129.36,133.6,138.03,142.69,147.67,152.95,158.6,164.72,171.09,177.78,184.8,192.07,199.59,207.33,215.24,223.35,231.7,240.29,249.13,258.23,267.62,277.31,287.28,297.54,308.11,318.96,330.11,341.52,353.21,365.17,377.37,389.83,402.53,415.44,428.56,441.84,455.27,468.81,482.41,496.07,509.74,523.36,536.93,550.39,563.72,576.89,589.87,602.64,615.19,627.5,639.55,651.34,662.89,674.2,685.3,696.23,707.05,717.85,728.77,740.03,751.97,765.14,780.46,799.53,825.1,862.18,920.17,1000,1000,1000
102.35,106.07,109.66,113.26,116.92,120.67,124.53,128.55,132.72,137.03,141.57,146.33,151.34,156.68,162.32,168.33,174.81,181.52,188.56,195.93,203.56,211.45,219.56,227.85,236.35,245.1,254.1,263.35,272.87,282.68,292.82,303.21,313.91,324.92,336.21,347.78,359.62,371.72,384.07,396.66,409.48,422.51,435.73,449.12,462.64,476.26,489.96,503.69,517.42,531.11,544.72,558.24,571.61,584.81,597.82,610.6,623.15,635.45,647.5,659.27,670.79,682.06,693.12,703.98,714.72,725.44,736.26,747.38,759.16,772.13,787.17,805.81,830.74,866.81,923.11,1000,1000,1000,1000
108.12,112.05,115.85,119.67,123.56,127.54,131.67,135.92,140.35,144.96,149.83,154.94,160.31,166.01,172.01,178.38,185.19,192.25,199.64,207.37,215.36,223.62,232.1,240.78,249.67,258.82,268.23,277.89,287.83,298.07,308.63,319.45,330.58,342.02,353.73,365.71,377.95,390.44,403.16,416.1,429.24,442.56,456.04,469.65,483.36,497.13,510.94,524.72,538.47,552.14,565.69,579.11,592.33,605.36,618.17,630.72,643.02,655.05,666.81,678.3,689.53,700.54,711.36,722.03,732.66,743.38,754.39,766.01,778.78,793.55,811.8,836.12,871.23,925.92,1000,1000,1000,1000,1000
114.08,118.22,122.23,126.29,130.4,134.65,139.02,143.53,148.26,153.19,158.41,163.87,169.61,175.66,182.02,188.72,195.88,203.28,211.02,219.12,227.47,236.09,244.96,254.03,263.32,272.86,282.67,292.75,303.11,313.77,324.74,335.99,347.54,359.39,371.5,383.88,396.49,409.34,422.39,435.64,449.06,462.63,476.32,490.11,503.95,517.82,531.67,545.47,559.18,572.78,586.22,599.48,612.52,625.34,637.91,650.2,662.22,673.96,685.44,696.64,707.6,718.37,728.98,739.53,750.15,761.05,772.53,785.1,799.62,817.5,841.26,875.44,928.61,1000,1000,1000,1000,1000,1000
120.24,124.59,128.83,133.11,137.49,141.98,146.6,151.41,156.46,161.74,167.3,173.13,179.22,185.62,192.31,199.36,206.86,214.62,222.72,231.17,239.88,248.89,258.13,267.59,277.27,287.22,297.44,307.93,318.7,329.77,341.16,352.82,364.77,377.01,389.5,402.24,415.2,428.38,441.73,455.25,468.9,482.68,496.54,510.44,524.37,538.27,552.12,565.88,579.51,592.98,606.26,619.34,632.16,644.73,657.03,669.04,680.76,692.21,703.39,714.32,725.03,735.59,746.07,756.61,767.39,778.73,791.13,805.39,822.92,846.14,879.46,931.17,1000,1000,1000,1000,1000,1000,1000
126.59,131.17,135.64,140.17,144.79,149.53,154.45,159.58,164.97,170.6,176.52,182.7,189.14,195.87,202.91,210.3,218.15,226.26,234.71,243.53,252.62,262,271.62,281.47,291.54,301.89,312.52,323.41,334.59,346.07,357.86,369.91,382.25,394.86,407.71,420.78,434.06,447.52,461.13,474.87,488.72,502.65,516.62,530.6,544.55,558.45,572.25,585.91,599.41,612.72,625.79,638.64,651.21,663.5,675.51,687.22,698.65,709.8,720.69,731.37,741.87,752.29,762.74,773.42,784.64,796.86,810.89,828.08,850.78,883.29,933.61,1000,1000,1000,1000,1000,1000,1000,1000
133.16,137.95,142.68,147.46,152.32,157.35,162.59,168.06,173.8,179.78,186.05,192.58,199.35,206.42,213.8,221.53,229.74,238.2,247.02,256.2,265.66,275.42,285.43,295.66,306.13,316.88,327.9,339.19,350.77,362.65,374.82,387.25,399.95,412.91,426.08,439.46,453.02,466.73,480.55,494.48,508.47,522.5,536.53,550.53,564.46,578.3,591.99,605.51,618.84,631.94,644.78,657.37,669.66,681.66,693.36,704.77,715.89,726.75,737.38,747.84,758.19,768.57,779.16,790.25,802.31,816.12,832.99,855.2,886.92,935.93,1000,1000,1000,1000,1000,1000,1000,1000,1000
139.93,144.98,149.94,154.96,160.12,165.47,171.04,176.86,182.95,189.28,195.89,202.74,209.85,217.26,224.99,233.07,241.63,250.45,259.63,269.18,279.02,289.15,299.54,310.16,321.03,332.16,343.58,355.27,367.23,379.49,392.03,404.81,417.85,431.12,444.6,458.24,472.04,485.95,499.95,514.01,528.1,542.18,556.22,570.19,584.05,597.78,611.32,624.66,637.77,650.63,663.21,675.51,687.5,699.19,710.58,721.67,732.5,743.1,753.51,763.81,774.12,784.62,795.6,807.51,821.1,837.66,859.41,890.38,938.14,1000,1000,1000,1000,1000,1000,1000,1000,1000,1000
146.94,152.22,157.43,162.74,168.21,173.89,179.81,185.97,192.4,199.08,206.02,213.2,220.65,228.4,236.48,244.91,253.82,263.01,272.56,282.48,292.68,303.19,313.97,324.97,336.22,347.75,359.55,371.62,383.96,396.57,409.46,422.57,435.92,449.48,463.21,477.09,491.08,505.16,519.28,533.42,547.55,561.64,575.64,589.53,603.28,616.84,630.2,643.32,656.18,668.77,681.05,693.04,704.72,716.09,727.17,737.97,748.53,758.9,769.15,779.39,789.81,800.68,812.44,825.84,842.1,863.41,893.67,940.24,1000,1000,1000,1000,1000,1000,1000,1000,1000,1000,1000
154.17,159.69,165.18,170.8,176.6,182.63,188.89,195.4,202.17,209.16,216.44,223.95,231.74,239.85,248.27,257.06,266.33,275.88,285.79,296.08,306.66,317.54,328.7,340.08,351.71,363.62,375.8,388.23,400.92,413.87,427.08,440.5,454.12,467.94,481.89,495.95,510.1,524.29,538.49,552.67,566.79,580.83,594.74,608.51,622.09,635.46,648.6,661.46,674.04,686.33,698.31,709.98,721.33,732.39,743.17,753.69,764.01,774.21,784.4,794.74,805.51,817.14,830.35,846.33,867.22,896.81,942.24,1000,1000,1000,1000,1000,1000,1000,1000,1000,1000,1000,1000
161.62,167.42,173.22,179.17,185.31,191.68,198.28,205.13,212.22,219.54,227.14,235,243.13,251.58,260.36,269.51,279.14,289.05,299.33,309.99,320.94,332.2,343.73,355.49,367.49,379.76,392.3,405.08,418.1,431.37,444.87,458.56,472.43,486.46,500.59,514.8,529.05,543.3,557.53,571.69,585.76,599.71,613.49,627.09,640.47,653.61,666.48,679.06,691.34,703.31,714.97,726.31,737.34,748.1,758.59,768.88,779.03,789.15,799.42,810.1,821.6,834.63,850.36,870.84,899.79,944.15,1000,1000,1000,1000,1000,1000,1000,1000,1000,1000,1000,1000,1000
169.33,175.44,181.57,187.85,194.34,201.04,207.98,215.14,222.56,230.21,238.15,246.35,254.82,263.62,272.75,282.26,292.26,302.53,313.18,324.2,335.53,347.16,359.05,371.18,383.54,396.16,409.04,422.14,435.47,449.03,462.8,476.72,490.8,504.99,519.26,533.57,547.88,562.16,576.36,590.46,604.43,618.24,631.85,645.24,658.38,671.25,683.83,696.1,708.07,719.71,731.04,742.05,752.78,763.24,773.5,783.6,793.67,803.87,814.46,825.84,838.7,854.18,874.29,902.63,945.96,1000,1000,1000,1000,1000,1000,1000,1000,1000,1000,1000,1000,1000,1000
177.33,183.76,190.22,196.85,203.66,210.7,217.95,225.44,233.18,241.17,249.45,257.99,266.81,275.97,285.45,295.33,305.68,316.32,327.33,338.72,350.41,362.4,374.65,387.13,399.84,412.8,425.99,439.4,453.01,466.82,480.83,494.95,509.18,523.51,537.87,552.23,566.55,580.8,594.93,608.93,622.75,636.37,649.77,662.92,675.79,688.37,700.64,712.59,724.22,735.53,746.52,757.23,767.66,777.88,787.95,797.97,808.1,818.6,829.88,842.58,857.82,877.57,905.33,947.68,1000,1000,1000,1000,1000,1000,1000,1000,1000,1000,1000,1000,1000,1000,1000
185.64,192.4,199.2,206.15,213.3,220.64,228.22,236.02,244.1,252.42,261.04,269.92,279.1,288.61,298.46,308.69,319.4,330.4,341.78,353.53,365.57,377.92,390.53,403.34,416.38,429.65,443.13,456.82,470.68,484.72,498.91,513.19,527.55,541.96,556.36,570.72,585.01,599.18,613.2,627.05,640.68,654.09,667.24,680.11,692.68,704.94,716.89,728.5,739.8,750.77,761.45,771.86,782.04,792.07,802.05,812.12,822.54,833.7,846.25,861.28,880.68,907.9,949.32,1000,1000,1000,1000,1000,1000,1000,1000,1000,1000,1000,1000,1000,1000,1000,1000
194.25,201.35,208.47,215.75,223.21,230.88,238.77,246.9,255.31,263.97,272.93,282.16,291.69,301.56,311.77,322.36,333.42,344.79,356.53,368.63,381.02,393.71,406.65,419.79,433.13,446.69,460.44,474.37,488.45,502.67,517.01,531.41,545.85,560.29,574.69,589.01,603.22,617.27,631.13,644.78,658.2,671.35,684.22,696.79,709.04,720.97,732.58,743.85,754.81,765.47,775.85,786,795.99,805.92,815.93,826.28,837.34,849.75,864.56,883.65,910.34,950.88,1000,1000,1000,1000,1000,1000,1000,1000,1000,1000,1000,1000,1000,1000,1000,1000,1000
203.18,210.59,218.04,225.63,233.4,241.39,249.61,258.08,266.82,275.82,285.12,294.7,304.59,314.81,325.37,336.32,347.75,359.47,371.55,384.01,396.74,409.75,423,436.44,450.07,463.89,477.88,492.02,506.28,520.64,535.1,549.56,564.03,578.47,592.82,607.05,621.13,635.02,648.68,662.11,675.26,688.13,700.69,712.94,724.86,736.45,747.71,758.64,769.28,779.64,789.76,799.72,809.6,819.55,829.83,840.8,853.07,867.68,886.46,912.66,952.36,1000,1000,1000,1000,1000,1000,1000,1000,1000,1000,1000,1000,1000,1000,1000,1000,1000,1000
212.4,220.14,227.89,235.8,243.88,252.19,260.74,269.54,278.62,287.96,297.61,307.55,317.78,328.36,339.28,350.59,362.36,374.43,386.86,399.65,412.7,426.03,439.57,453.28,467.17,481.22,495.42,509.72,524.12,538.59,553.11,567.6,582.06,596.44,610.7,624.8,638.71,652.39,665.83,678.98,691.85,704.41,716.65,728.56,740.13,751.37,762.29,772.9,783.24,793.33,803.25,813.09,823,833.2,844.08,856.22,870.65,889.13,914.86,953.77,1000,1000,1000,1000,1000,1000,1000,1000,1000,1000,1000,1000,1000,1000,1000,1000,1000,1000,1000
221.93,229.97,238.03,246.25,254.65,263.29,272.16,281.3,290.72,300.4,310.4,320.68,331.27,342.2,353.48,365.14,377.26,389.67,402.43,415.54,428.9,442.51,456.32,470.28,484.39,498.64,513.01,527.45,541.95,556.48,571.01,585.49,599.88,614.17,628.28,642.21,655.91,669.36,682.53,695.39,707.95,720.18,732.08,743.64,754.86,765.76,776.35,786.66,796.72,806.61,816.4,826.27,836.41,847.19,859.22,873.46,891.67,916.95,955.11,1000,1000,1000,1000,1000,1000,1000,1000,1000,1000,1000,1000,1000,1000,1000,1000,1000,1000,1000,1000
231.74,240.08,248.45,256.98,265.71,274.67,283.88,293.35,303.11,313.14,323.49,334.12,345.06,356.35,367.97,379.97,392.43,405.17,418.25,431.65,445.3,459.17,473.23,487.42,501.72,516.13,530.62,545.15,559.71,574.25,588.76,603.17,617.46,631.6,645.55,659.26,672.72,685.89,698.77,711.32,723.54,735.43,746.97,758.18,769.06,779.63,789.91,799.94,809.8,819.56,829.37,839.45,850.15,862.06,876.14,894.09,918.94,956.38,1000,1000,1000,1000,1000,1000,1000,1000,1000,1000,1000,1000,1000,1000,1000,1000,1000,1000,1000,1000,1000
241.83,250.47,259.16,268.01,277.06,286.35,295.89,305.7,315.8,326.18,336.87,347.85,359.14,370.77,382.74,395.08,407.87,420.92,434.3,447.98,461.88,476,490.27,504.64,519.1,533.63,548.21,562.79,577.36,591.87,606.31,620.61,634.76,648.72,662.44,675.91,689.09,701.97,714.52,726.74,738.61,750.15,761.34,772.2,782.75,793,803.01,812.83,822.55,832.32,842.34,852.97,864.76,878.68,896.38,920.83,957.59,1000,1000,1000,1000,1000,1000,1000,1000,1000,1000,1000,1000,1000,1000,1000,1000,1000,1000,1000,1000,1000,1000
252.19,261.15,270.15,279.32,288.7,298.32,308.2,318.34,328.79,339.5,350.54,361.87,373.5,385.47,397.78,410.45,423.54,436.89,450.55,464.48,478.62,492.95,507.4,521.92,536.5,551.11,565.73,580.32,594.85,609.3,623.62,637.77,651.73,665.47,678.94,692.13,705.01,717.57,729.78,741.65,753.17,764.35,775.19,785.71,795.95,805.93,815.72,825.4,835.12,845.08,855.63,867.33,881.09,898.55,922.63,958.74,1000,1000,1000,1000,1000,1000,1000,1000,1000,1000,1000,1000,1000,1000,1000,1000,1000,1000,1000,1000,1000,1000,1000
262.85,272.12,281.43,290.92,300.63,310.59,320.8,331.28,342.06,353.12,364.51,376.18,388.15,400.45,413.08,426.06,439.45,453.07,466.98,481.15,495.49,509.99,524.59,539.22,553.87,568.53,583.15,597.7,612.15,626.48,640.65,654.61,668.35,681.83,695.02,707.91,720.46,732.67,744.53,756.04,767.21,778.03,788.54,798.75,808.7,818.46,828.11,837.78,847.69,858.17,869.76,883.38,900.62,924.33,959.83,1000,1000,1000,1000,1000,1000,1000,1000,1000,1000,1000,1000,1000,1000,1000,1000,1000,1000,1000,1000,1000,1000,1000,1000
273.79,283.37,293,302.82,312.86,323.14,333.69,344.51,355.63,367.04,378.75,390.76,403.06,415.69,428.62,441.89,455.55,469.43,483.57,497.94,512.46,527.1,541.79,556.5,571.19,585.84,600.42,614.89,629.22,643.39,657.37,671.1,684.58,697.77,710.66,723.21,735.42,747.28,758.78,769.93,780.74,791.22,801.41,811.34,821.07,830.68,840.32,850.17,860.58,872.08,885.56,902.58,925.95,960.87,1000,1000,1000,1000,1000,1000,1000,1000,1000,1000,1000,1000,1000,1000,1000,1000,1000,1000,1000,1000,1000,1000,1000,1000,1000
285.02,294.91,304.86,315.01,325.38,335.99,346.87,358.03,369.5,381.23,393.28,405.61,418.23,431.16,444.39,457.93,471.84,485.94,500.28,514.82,529.47,544.21,558.98,573.72,588.39,603,617.49,631.84,646.01,659.98,673.72,687.2,700.39,713.27,725.82,738.03,749.88,761.38,772.52,783.31,793.78,803.95,813.85,823.55,833.13,842.72,852.53,862.87,874.28,887.63,904.45,927.49,961.85,1000,1000,1000,1000,1000,1000,1000,1000,1000,1000,1000,1000,1000,1000,1000,1000,1000,1000,1000,1000,1000,1000,1000,1000,1000,1000
296.53,306.74,317.02,327.49,338.18,349.13,360.35,371.84,383.63,395.7,408.07,420.72,433.64,446.86,460.36,474.15,488.28,502.59,517.09,531.76,546.51,561.31,576.1,590.83,605.45,619.96,634.33,648.51,662.48,676.22,689.7,702.88,715.76,728.31,740.51,752.36,763.85,774.98,785.76,796.22,806.36,816.24,825.91,835.46,845.01,854.77,865.05,876.37,889.59,906.22,928.95,962.78,1000,1000,1000,1000,1000,1000,1000,1000,1000,1000,1000,1000,1000,1000,1000,1000,1000,1000,1000,1000,1000,1000,1000,1000,1000,1000,1000
308.33,318.86,329.46,340.26,351.28,362.56,374.11,385.93,398.05,410.43,423.12,436.07,449.27,462.76,476.51,490.52,504.85,519.32,533.95,548.71,563.53,578.35,593.12,607.79,622.32,636.7,650.9,664.87,678.61,692.08,705.27,718.13,730.67,742.88,754.72,766.2,777.32,788.09,798.53,808.66,818.51,828.16,837.68,847.19,856.9,867.12,878.36,891.46,907.9,930.33,963.67,1000,1000,1000,1000,1000,1000,1000,1000,1000,1000,1000,1000,1000,1000,1000,1000,1000,1000,1000,1000,1000,1000,1000,1000,1000,1000,1000,1000
320.43,331.27,342.19,353.31,364.66,376.28,388.15,400.29,412.73,425.42,438.4,451.63,465.11,478.84,492.81,507.02,521.51,536.1,550.83,565.65,580.48,595.28,609.99,624.56,638.96,653.16,667.15,680.89,694.36,707.53,720.41,732.93,745.12,756.96,768.43,779.55,790.31,800.73,810.84,820.68,830.3,839.79,849.27,858.93,869.09,880.25,893.24,909.5,931.65,964.51,1000,1000,1000,1000,1000,1000,1000,1000,1000,1000,1000,1000,1000,1000,1000,1000,1000,1000,1000,1000,1000,1000,1000,1000,1000,1000,1000,1000,1000
332.81,343.97,355.21,366.66,378.34,390.27,402.46,414.92,427.66,440.65,453.91,467.4,481.12,495.07,509.23,523.61,538.22,552.91,567.69,582.53,597.33,612.06,626.67,641.1,655.32,669.32,683.07,696.54,709.7,722.56,735.09,747.26,759.09,770.55,781.66,792.41,802.82,812.92,822.74,832.33,841.79,851.24,860.86,870.97,882.05,894.92,911.02,932.9,965.31,1000,1000,1000,1000,1000,1000,1000,1000,1000,1000,1000,1000,1000,1000,1000,1000,1000,1000,1000,1000,1000,1000,1000,1000,1000,1000,1000,1000,1000,1000
345.48,356.95,368.52,380.29,392.28,404.53,417.03,429.8,442.83,456.09,469.61,483.34,497.28,511.43,525.75,540.25,554.95,569.69,584.49,599.29,614.03,628.66,643.12,657.37,671.38,685.14,698.61,711.78,724.63,737.14,749.31,761.12,772.57,783.67,794.41,804.81,814.89,824.69,834.27,843.7,853.12,862.7,872.75,883.76,896.53,912.47,934.1,966.07,1000,1000,1000,1000,1000,1000,1000,1000,1000,1000,1000,1000,1000,1000,1000,1000,1000,1000,1000,1000,1000,1000,1000,1000,1000,1000,1000,1000,1000,1000,1000
358.44,370.22,382.11,394.19,406.5,419.05,431.86,444.91,458.21,471.74,485.49,499.44,513.56,527.87,542.32,556.91,571.66,586.42,601.18,615.92,630.55,645.03,659.31,673.34,687.11,700.58,713.76,726.6,739.1,751.26,763.07,774.5,785.58,796.31,806.7,816.77,826.55,836.11,845.52,854.91,864.45,874.45,885.39,898.06,913.84,935.23,966.8,1000,1000,1000,1000,1000,1000,1000,1000,1000,1000,1000,1000,1000,1000,1000,1000,1000,1000,1000,1000,1000,1000,1000,1000,1000,1000,1000,1000,1000,1000,1000,1000
371.68,383.78,395.97,408.36,420.98,433.83,446.92,460.24,473.8,487.55,501.52,515.66,529.94,544.37,558.91,573.55,588.31,603.03,617.73,632.36,646.84,661.13,675.2,688.98,702.46,715.63,728.48,740.98,753.12,764.91,776.34,787.41,798.12,808.5,818.55,828.32,837.86,847.25,856.61,866.12,876.07,886.94,899.51,915.15,936.31,967.49,1000,1000,1000,1000,1000,1000,1000,1000,1000,1000,1000,1000,1000,1000,1000,1000,1000,1000,1000,1000,1000,1000,1000,1000,1000,1000,1000,1000,1000,1000,1000,1000,1000
385.2,397.61,410.1,422.8,435.71,448.84,462.2,475.77,489.55,503.52,517.67,531.96,546.37,560.89,575.48,590.13,604.86,619.51,634.1,648.57,662.86,676.94,690.74,704.25,717.42,730.27,742.77,754.91,766.68,778.09,789.15,799.85,810.2,820.25,830,839.53,848.89,858.22,867.7,877.61,888.41,900.9,916.4,937.33,968.14,1000,1000,1000,1000,1000,1000,1000,1000,1000,1000,1000,1000,1000,1000,1000,1000,1000,1000,1000,1000,1000,1000,1000,1000,1000,1000,1000,1000,1000,1000,1000,1000,1000,1000
399,411.7,424.5,437.48,450.67,464.07,477.67,491.47,505.46,519.61,533.92,548.33,562.81,577.38,591.98,606.6,621.26,635.8,650.23,664.52,678.59,692.41,705.93,719.12,731.97,744.47,756.6,768.37,779.77,790.81,801.5,811.84,821.86,831.6,841.11,850.45,859.76,869.21,879.07,889.82,902.21,917.59,938.31,968.76,1000,1000,1000,1000,1000,1000,1000,1000,1000,1000,1000,1000,1000,1000,1000,1000,1000,1000,1000,1000,1000,1000,1000,1000,1000,1000,1000,1000,1000,1000,1000,1000,1000,1000,1000
413.06,426.06,439.14,452.4,465.84,479.49,493.31,507.32,521.49,535.79,550.21,564.7,579.24,593.82,608.39,622.94,637.48,651.87,666.11,680.18,693.98,707.52,720.73,733.59,746.08,758.22,769.98,781.37,792.4,803.06,813.39,823.4,833.12,842.61,851.94,861.22,870.63,880.46,891.15,903.47,918.71,939.24,969.35,1000,1000,1000,1000,1000,1000,1000,1000,1000,1000,1000,1000,1000,1000,1000,1000,1000,1000,1000,1000,1000,1000,1000,1000,1000,1000,1000,1000,1000,1000,1000,1000,1000,1000,1000,1000
427.39,440.66,454.01,467.53,481.22,495.08,509.11,523.29,537.61,552.02,566.52,581.06,595.61,610.15,624.65,639.09,653.48,667.68,681.7,695.5,709.02,722.24,735.11,747.62,759.75,771.51,782.9,793.91,804.56,814.88,824.87,834.57,844.04,853.35,862.61,871.99,881.78,892.42,904.66,919.79,940.12,969.92,1000,1000,1000,1000,1000,1000,1000,1000,1000,1000,1000,1000,1000,1000,1000,1000,1000,1000,1000,1000,1000,1000,1000,1000,1000,1000,1000,1000,1000,1000,1000,1000,1000,1000,1000,1000,1000
441.96,455.49,469.1,482.85,496.76,510.82,525.02,539.35,553.78,568.27,582.82,597.36,611.87,626.35,640.73,655.02,669.22,683.19,696.95,710.46,723.67,736.55,749.07,761.21,772.97,784.35,795.36,806,816.29,826.27,835.96,845.4,854.69,863.93,873.29,883.04,893.63,905.79,920.81,940.96,970.46,1000,1000,1000,1000,1000,1000,1000,1000,1000,1000,1000,1000,1000,1000,1000,1000,1000,1000,1000,1000,1000,1000,1000,1000,1000,1000,1000,1000,1000,1000,1000,1000,1000,1000,1000,1000,1000,1000
456.76,470.54,484.38,498.35,512.45,526.68,541.03,555.46,569.97,584.5,599.05,613.56,628,642.36,656.59,670.69,684.66,698.38,711.85,725.04,737.91,750.44,762.59,774.35,785.73,796.73,807.37,817.65,827.61,837.27,846.71,855.97,865.18,874.52,884.23,894.77,906.87,921.78,941.76,970.97,1000,1000,1000,1000,1000,1000,1000,1000,1000,1000,1000,1000,1000,1000,1000,1000,1000,1000,1000,1000,1000,1000,1000,1000,1000,1000,1000,1000,1000,1000,1000,1000,1000,1000,1000,1000,1000,1000,1000
471.77,485.78,499.83,513.99,528.26,542.63,557.08,571.59,586.14,600.67,615.18,629.61,643.94,658.15,672.2,686.07,699.78,713.21,726.36,739.22,751.73,763.89,775.66,787.04,798.04,808.67,818.94,828.89,838.54,847.95,857.2,866.38,875.68,885.37,895.86,907.89,922.7,942.52,971.45,1000,1000,1000,1000,1000,1000,1000,1000,1000,1000,1000,1000,1000,1000,1000,1000,1000,1000,1000,1000,1000,1000,1000,1000,1000,1000,1000,1000,1000,1000,1000,1000,1000,1000,1000,1000,1000,1000,1000,1000
486.98,501.19,515.43,529.75,544.16,558.63,573.15,587.7,602.24,616.74,631.17,645.49,659.67,673.69,687.51,701.13,714.55,727.66,740.48,752.98,765.12,776.89,788.28,799.28,809.9,820.17,830.1,839.74,849.13,858.36,867.53,876.8,886.45,896.9,908.87,923.58,943.24,971.92,1000,1000,1000,1000,1000,1000,1000,1000,1000,1000,1000,1000,1000,1000,1000,1000,1000,1000,1000,1000,1000,1000,1000,1000,1000,1000,1000,1000,1000,1000,1000,1000,1000,1000,1000,1000,1000,1000,1000,1000,1000
502.35,516.75,531.15,545.6,560.11,574.65,589.21,603.75,618.25,632.67,646.99,661.15,675.14,688.93,702.5,715.83,728.93,741.71,754.17,766.3,778.06,789.45,800.46,811.08,821.34,831.26,840.89,850.27,859.47,868.61,877.87,887.48,897.88,909.79,924.41,943.93,972.35,1000,1000,1000,1000,1000,1000,1000,1000,1000,1000,1000,1000,1000,1000,1000,1000,1000,1000,1000,1000,1000,1000,1000,1000,1000,1000,1000,1000,1000,1000,1000,1000,1000,1000,1000,1000,1000,1000,1000,1000,1000,1000
517.87,532.43,546.95,561.5,576.07,590.65,605.2,619.7,634.12,648.42,662.58,676.56,690.32,703.86,717.14,730.16,742.92,755.34,767.43,779.18,790.55,801.56,812.19,822.45,832.37,841.98,851.35,860.54,869.66,878.88,888.46,898.83,910.67,925.21,944.58,972.77,1000,1000,1000,1000,1000,1000,1000,1000,1000,1000,1000,1000,1000,1000,1000,1000,1000,1000,1000,1000,1000,1000,1000,1000,1000,1000,1000,1000,1000,1000,1000,1000,1000,1000,1000,1000,1000,1000,1000,1000,1000,1000,1000
533.51,548.19,562.81,577.42,592.02,606.59,621.1,635.52,649.82,663.96,677.93,691.68,705.18,718.43,731.4,744.09,756.49,768.55,780.25,791.62,802.61,813.23,823.5,833.42,843.02,852.38,861.55,870.65,879.85,889.4,899.73,911.51,925.96,945.2,973.17,1000,1000,1000,1000,1000,1000,1000,1000,1000,1000,1000,1000,1000,1000,1000,1000,1000,1000,1000,1000,1000,1000,1000,1000,1000,1000,1000,1000,1000,1000,1000,1000,1000,1000,1000,1000,1000,1000,1000,1000,1000,1000,1000,1000
549.24,564,578.68,593.32,607.91,622.43,636.85,651.15,665.29,679.25,692.99,706.48,719.7,732.64,745.27,757.6,769.64,781.31,792.63,803.61,814.22,824.48,834.4,844.01,853.36,862.52,871.6,880.78,890.3,900.58,912.32,926.68,945.79,973.55,1000,1000,1000,1000,1000,1000,1000,1000,1000,1000,1000,1000,1000,1000,1000,1000,1000,1000,1000,1000,1000,1000,1000,1000,1000,1000,1000,1000,1000,1000,1000,1000,1000,1000,1000,1000,1000,1000,1000,1000,1000,1000,1000,1000,1000
565.02,579.83,594.53,609.16,623.7,638.14,652.44,666.57,680.52,694.25,707.73,720.93,733.84,746.45,758.73,770.69,782.35,793.64,804.58,815.18,825.42,835.34,844.94,854.29,863.43,872.5,881.66,891.15,901.4,913.08,927.37,946.36,973.9,1000,1000,1000,1000,1000,1000,1000,1000,1000,1000,1000,1000,1000,1000,1000,1000,1000,1000,1000,1000,1000,1000,1000,1000,1000,1000,1000,1000,1000,1000,1000,1000,1000,1000,1000,1000,1000,1000,1000,1000,1000,1000,1000,1000,1000,1000
580.81,595.64,610.33,624.9,639.35,653.66,667.8,681.74,695.47,708.93,722.13,735.02,747.59,759.84,771.76,783.34,794.62,805.53,816.09,826.32,836.22,845.82,855.16,864.31,873.36,882.5,891.97,902.18,913.81,928.02,946.9,974.25,1000,1000,1000,1000,1000,1000,1000,1000,1000,1000,1000,1000,1000,1000,1000,1000,1000,1000,1000,1000,1000,1000,1000,1000,1000,1000,1000,1000,1000,1000,1000,1000,1000,1000,1000,1000,1000,1000,1000,1000,1000,1000,1000,1000,1000,1000,1000
596.59,611.4,626.02,640.51,654.83,668.98,682.92,696.63,710.09,723.27,736.15,748.71,760.93,772.82,784.36,795.56,806.46,816.98,827.18,837.07,846.65,855.99,865.13,874.18,883.3,892.75,902.93,914.51,928.65,947.41,974.57,1000,1000,1000,1000,1000,1000,1000,1000,1000,1000,1000,1000,1000,1000,1000,1000,1000,1000,1000,1000,1000,1000,1000,1000,1000,1000,1000,1000,1000,1000,1000,1000,1000,1000,1000,1000,1000,1000,1000,1000,1000,1000,1000,1000,1000,1000,1000,1000
612.31,627.05,641.59,655.94,670.1,684.05,697.76,711.21,724.38,737.24,749.79,762,773.85,785.37,796.53,807.35,817.87,828.03,837.88,847.45,856.77,865.9,874.95,884.06,893.48,903.63,915.17,929.25,947.9,974.88,1000,1000,1000,1000,1000,1000,1000,1000,1000,1000,1000,1000,1000,1000,1000,1000,1000,1000,1000,1000,1000,1000,1000,1000,1000,1000,1000,1000,1000,1000,1000,1000,1000,1000,1000,1000,1000,1000,1000,1000,1000,1000,1000,1000,1000,1000,1000,1000,1000
627.93,642.58,656.97,671.16,685.12,698.84,712.28,725.44,738.3,750.83,763.02,774.86,786.35,797.48,808.26,818.71,828.86,838.68,848.22,857.52,866.64,875.67,884.78,894.19,904.31,915.81,929.82,948.37,975.18,1000,1000,1000,1000,1000,1000,1000,1000,1000,1000,1000,1000,1000,1000,1000,1000,1000,1000,1000,1000,1000,1000,1000,1000,1000,1000,1000,1000,1000,1000,1000,1000,1000,1000,1000,1000,1000,1000,1000,1000,1000,1000,1000,1000,1000,1000,1000,1000,1000,1000
643.42,657.92,672.15,686.13,699.86,713.31,726.47,739.31,751.84,764.01,775.84,787.3,798.41,809.17,819.57,829.66,839.47,848.97,858.25,867.35,876.36,885.45,894.85,904.95,916.41,930.36,948.81,975.47,1000,1000,1000,1000,1000,1000,1000,1000,1000,1000,1000,1000,1000,1000,1000,1000,1000,1000,1000,1000,1000,1000,1000,1000,1000,1000,1000,1000,1000,1000,1000,1000,1000,1000,1000,1000,1000,1000,1000,1000,1000,1000,1000,1000,1000,1000,1000,1000,1000,1000,1000
658.73,673.06,687.08,700.83,714.29,727.45,740.29,752.8,764.97,776.78,788.23,799.32,810.04,820.43,830.47,840.22,849.71,858.95,868.02,877.02,886.09,895.47,905.55,916.98,930.88,949.24,975.74,1000,1000,1000,1000,1000,1000,1000,1000,1000,1000,1000,1000,1000,1000,1000,1000,1000,1000,1000,1000,1000,1000,1000,1000,1000,1000,1000,1000,1000,1000,1000,1000,1000,1000,1000,1000,1000,1000,1000,1000,1000,1000,1000,1000,1000,1000,1000,1000,1000,1000,1000,1000
673.83,687.95,701.73,715.21,728.38,741.22,753.73,765.88,777.69,789.12,800.19,810.91,821.26,831.28,840.99,850.42,859.65,868.69,877.66,886.71,896.06,906.12,917.52,931.37,949.64,976,1000,1000,1000,1000,1000,1000,1000,1000,1000,1000,1000,1000,1000,1000,1000,1000,1000,1000,1000,1000,1000,1000,1000,1000,1000,1000,1000,1000,1000,1000,1000,1000,1000,1000,1000,1000,1000,1000,1000,1000,1000,1000,1000,1000,1000,1000,1000,1000,1000,1000,1000,1000,1000
688.69,702.56,716.08,729.26,742.11,754.61,766.77,778.55,789.98,801.04,811.74,822.07,832.07,841.75,851.15,860.32,869.34,878.28,887.3,896.63,906.66,918.03,931.83,950.03,976.24,1000,1000,1000,1000,1000,1000,1000,1000,1000,1000,1000,1000,1000,1000,1000,1000,1000,1000,1000,1000,1000,1000,1000,1000,1000,1000,1000,1000,1000,1000,1000,1000,1000,1000,1000,1000,1000,1000,1000,1000,1000,1000,1000,1000,1000,1000,1000,1000,1000,1000,1000,1000,1000,1000
703.27,716.87,730.09,742.95,755.46,767.61,779.39,790.81,801.86,812.53,822.86,832.84,842.49,851.87,861,869.97,878.89,887.88,897.18,907.18,918.51,932.26,950.39,976.47,1000,1000,1000,1000,1000,1000,1000,1000,1000,1000,1000,1000,1000,1000,1000,1000,1000,1000,1000,1000,1000,1000,1000,1000,1000,1000,1000,1000,1000,1000,1000,1000,1000,1000,1000,1000,1000,1000,1000,1000,1000,1000,1000,1000,1000,1000,1000,1000,1000,1000,1000,1000,1000,1000,1000
717.55,730.84,743.74,756.26,768.41,780.19,791.6,802.64,813.31,823.61,833.58,843.22,852.56,861.68,870.61,879.48,888.45,897.71,907.68,918.97,932.68,950.73,976.69,1000,1000,1000,1000,1000,1000,1000,1000,1000,1000,1000,1000,1000,1000,1000,1000,1000,1000,1000,1000,1000,1000,1000,1000,1000,1000,1000,1000,1000,1000,1000,1000,1000,1000,1000,1000,1000,1000,1000,1000,1000,1000,1000,1000,1000,1000,1000,1000,1000,1000,1000,1000,1000,1000,1000,1000
731.49,744.45,757.01,769.17,780.96,792.36,803.39,814.05,824.34,834.29,843.92,853.25,862.33,871.24,880.07,888.99,898.24,908.17,919.42,933.07,951.05,976.9,1000,1000,1000,1000,1000,1000,1000,1000,1000,1000,1000,1000,1000,1000,1000,1000,1000,1000,1000,1000,1000,1000,1000,1000,1000,1000,1000,1000,1000,1000,1000,1000,1000,1000,1000,1000,1000,1000,1000,1000,1000,1000,1000,1000,1000,1000,1000,1000,1000,1000,1000,1000,1000,1000,1000,1000,1000
745.07,757.69,769.88,781.68,793.08,804.11,814.76,825.04,834.98,844.59,853.91,862.98,871.86,880.67,889.55,898.74,908.65,919.85,933.45,951.36,977.1,1000,1000,1000,1000,1000,1000,1000,1000,1000,1000,1000,1000,1000,1000,1000,1000,1000,1000,1000,1000,1000,1000,1000,1000,1000,1000,1000,1000,1000,1000,1000,1000,1000,1000,1000,1000,1000,1000,1000,1000,1000,1000,1000,1000,1000,1000,1000,1000,1000,1000,1000,1000,1000,1000,1000,1000,1000,1000
758.27,770.53,782.35,793.77,804.8,815.44,825.72,835.65,845.25,854.54,863.6,872.46,881.25,890.1,899.26,909.11,920.28,933.83,951.66,977.29,1000,1000,1000,1000,1000,1000,1000,1000,1000,1000,1000,1000,1000,1000,1000,1000,1000,1000,1000,1000,1000,1000,1000,1000,1000,1000,1000,1000,1000,1000,1000,1000,1000,1000,1000,1000,1000,1000,1000,1000,1000,1000,1000,1000,1000,1000,1000,1000,1000,1000,1000,1000,1000,1000,1000,1000,1000,1000,1000
771.09,782.97,794.41,805.45,816.09,826.36,836.28,845.87,855.16,864.19,873.05,881.81,890.64,899.77,909.58,920.69,934.2,951.95,977.47,1000,1000,1000,1000,1000,1000,1000,1000,1000,1000,1000,1000,1000,1000,1000,1000,1000,1000,1000,1000,1000,1000,1000,1000,1000,1000,1000,1000,1000,1000,1000,1000,1000,1000,1000,1000,1000,1000,1000,1000,1000,1000,1000,1000,1000,1000,1000,1000,1000,1000,1000,1000,1000,1000,1000,1000,1000,1000,1000,1000
783.5,795,806.05,816.71,826.98,836.89,846.47,855.75,864.77,873.61,882.36,891.16,900.27,910.04,921.11,934.55,952.24,977.65,1000,1000,1000,1000,1000,1000,1000,1000,1000,1000,1000,1000,1000,1000,1000,1000,1000,1000,1000,1000,1000,1000,1000,1000,1000,1000,1000,1000,1000,1000,1000,1000,1000,1000,1000,1000,1000,1000,1000,1000,1000,1000,1000,1000,1000,1000,1000,1000,1000,1000,1000,1000,1000,1000,1000,1000,1000,1000,1000,1000,1000
795.49,806.61,817.28,827.56,837.47,847.05,856.31,865.33,874.15,882.88,891.67,900.75,910.5,921.53,934.91,952.52,977.82,1000,1000,1000,1000,1000,1000,1000,1000,1000,1000,1000,1000,1000,1000,1000,1000,1000,1000,1000,1000,1000,1000,1000,1000,1000,1000,1000,1000,1000,1000,1000,1000,1000,1000,1000,1000,1000,1000,1000,1000,1000,1000,1000,1000,1000,1000,1000,1000,1000,1000,1000,1000,1000,1000,1000,1000,1000,1000,1000,1000,1000,1000
807.08,817.81,828.1,838.02,847.59,856.86,865.86,874.67,883.39,892.16,901.22,910.94,921.93,935.26,952.8,977.99,1000,1000,1000,1000,1000,1000,1000,1000,1000,1000,1000,1000,1000,1000,1000,1000,1000,1000,1000,1000,1000,1000,1000,1000,1000,1000,1000,1000,1000,1000,1000,1000,1000,1000,1000,1000,1000,1000,1000,1000,1000,1000,1000,1000,1000,1000,1000,1000,1000,1000,1000,1000,1000,1000,1000,1000,1000,1000,1000,1000,1000,1000,1000
818.26,828.6,838.54,848.11,857.37,866.37,875.17,883.87,892.63,901.67,911.37,922.33,935.61,953.08,978.16,1000,1000,1000,1000,1000,1000,1000,1000,1000,1000,1000,1000,1000,1000,1000,1000,1000,1000,1000,1000,1000,1000,1000,1000,1000,1000,1000,1000,1000,1000,1000,1000,1000,1000,1000,1000,1000,1000,1000,1000,1000,1000,1000,1000,1000,1000,1000,1000,1000,1000,1000,1000,1000,1000,1000,1000,1000,1000,1000,1000,1000,1000,1000,1000
