0.09,0.11,0.12,0.13,0.13,0.14,0.15,0.15,0.16,0.16,0.17,0.18,0.18,0.19,0.19,0.2,0.2,0.21,0.22,0.23,0.24,0.25,0.26,0.27,0.28,0.3,0.31,0.32,0.33,0.34,0.36,0.37,0.39,0.4,0.42,0.44,0.45,0.47,0.49,0.51,0.53,0.55,0.58,0.6,0.62,0.65,0.68,0.71,0.74,0.77,0.81,0.84,0.88,0.92,0.96,1,1.05,1.1,1.15,1.2,1.25,1.31,1.37,1.44,1.5,1.57,1.65,1.72,1.8,1.89,1.97,2.06,2.16,2.26,2.36,2.46,2.58,2.69,2.81,2.94
0.32,0.36,0.39,0.42,0.44,0.46,0.47,0.49,0.52,0.54,0.56,0.58,0.59,0.61,0.62,0.64,0.67,0.69,0.72,0.75,0.78,0.82,0.85,0.89,0.93,0.96,1,1.04,1.07,1.12,1.16,1.21,1.26,1.31,1.36,1.41,1.47,1.53,1.59,1.65,1.72,1.79,1.86,1.94,2.02,2.11,2.2,2.29,2.39,2.5,2.6,2.72,2.84,2.96,3.1,3.23,3.38,3.53,3.69,3.85,4.03,4.21,4.4,4.6,4.81,5.02,5.25,5.48,5.73,5.99,6.25,6.53,6.81,7.11,7.42,7.73,8.06,8.4,8.76,9.12
0.7,0.78,0.84,0.88,0.92,0.96,1,1.04,1.08,1.13,1.17,1.2,1.24,1.27,1.31,1.35,1.39,1.45,1.51,1.57,1.64,1.72,1.79,1.86,1.94,2.01,2.09,2.17,2.25,2.33,2.43,2.52,2.63,2.73,2.84,2.96,3.07,3.19,3.32,3.45,3.59,3.74,3.89,4.05,4.22,4.4,4.59,4.78,4.99,5.2,5.43,5.67,5.91,6.17,6.44,6.73,7.03,7.34,7.66,8,8.35,8.72,9.11,9.51,9.93,10.37,10.83,11.3,11.79,12.31,12.83,13.38,13.94,14.52,15.12,15.74,16.38,17.04,17.72,18.42
1.15,1.27,1.35,1.42,1.48,1.54,1.61,1.67,1.74,1.8,1.86,1.92,1.97,2.03,2.09,2.16,2.24,2.33,2.42,2.53,2.64,2.75,2.87,2.98,3.1,3.22,3.34,3.46,3.59,3.73,3.88,4.04,4.2,4.37,4.54,4.72,4.91,5.1,5.3,5.51,5.73,5.97,6.21,6.47,6.74,7.02,7.32,7.63,7.96,8.3,8.66,9.03,9.42,9.83,10.25,10.7,11.17,11.66,12.16,12.7,13.25,13.83,14.43,15.05,15.7,16.38,17.08,17.81,18.56,19.34,20.14,20.97,21.82,22.7,23.6,24.52,25.48,26.46,27.46,28.5
1.84,2,2.12,2.23,2.32,2.42,2.52,2.62,2.72,2.81,2.9,2.99,3.08,3.17,3.26,3.38,3.5,3.64,3.8,3.96,4.13,4.31,4.49,4.66,4.84,5.02,5.21,5.41,5.61,5.83,6.07,6.31,6.56,6.82,7.09,7.37,7.66,7.95,8.27,8.6,8.94,9.3,9.68,10.08,10.5,10.95,11.4,11.89,12.39,12.92,13.47,14.04,14.65,15.28,15.93,16.62,17.34,18.08,18.86,19.67,20.51,21.39,22.3,23.25,24.23,25.25,26.31,27.4,28.52,29.68,30.87,32.1,33.35,34.65,35.97,37.33,38.72,40.14,41.6,43.1
2.72,2.92,3.09,3.24,3.38,3.51,3.65,3.8,3.93,4.06,4.19,4.32,4.44,4.58,4.73,4.89,5.08,5.29,5.51,5.75,6,6.24,6.5,6.75,7,7.27,7.54,7.82,8.13,8.44,8.78,9.13,9.49,9.86,10.25,10.65,11.06,11.49,11.94,12.42,12.91,13.44,13.99,14.56,15.17,15.8,16.46,17.15,17.87,18.63,19.42,20.24,21.1,22,22.93,23.91,24.92,25.98,27.08,28.22,29.41,30.65,31.93,33.25,34.63,36.05,37.52,39.03,40.58,42.18,43.82,45.5,47.22,48.98,50.78,52.62,54.5,56.42,58.38,60.4
3.78,4.04,4.26,4.46,4.65,4.84,5.02,5.21,5.39,5.56,5.73,5.91,6.09,6.29,6.5,6.73,6.99,7.28,7.59,7.91,8.24,8.58,8.92,9.25,9.6,9.96,10.34,10.73,11.15,11.58,12.04,12.52,13.01,13.52,14.04,14.58,15.15,15.74,16.36,17.01,17.68,18.4,19.15,19.94,20.76,21.62,22.52,23.46,24.44,25.46,26.53,27.64,28.81,30.02,31.27,32.59,33.95,35.37,36.85,38.38,39.96,41.61,43.31,45.07,46.88,48.76,50.69,52.67,54.71,56.8,58.93,61.11,63.34,65.61,67.93,70.3,72.7,75.15,77.66,80.22
4.84,5.16,5.43,5.67,5.91,6.14,6.37,6.59,6.81,7.03,7.25,7.48,7.71,7.96,8.24,8.54,8.88,9.25,9.64,10.04,10.45,10.86,11.29,11.71,12.16,12.62,13.1,13.59,14.12,14.67,15.24,15.84,16.46,17.09,17.75,18.44,19.15,19.9,20.68,21.5,22.36,23.26,24.2,25.19,26.22,27.3,28.43,29.61,30.83,32.11,33.45,34.84,36.28,37.79,39.36,40.98,42.68,44.43,46.25,48.13,50.08,52.1,54.19,56.34,58.55,60.83,63.16,65.57,68.02,70.53,73.09,75.7,78.36,81.07,83.82,86.62,89.46,92.35,95.3,98.32
6.28,6.67,7.01,7.32,7.61,7.9,8.18,8.46,8.74,9.02,9.31,9.61,9.91,10.25,10.61,11.01,11.46,11.93,12.42,12.92,13.44,13.96,14.51,15.05,15.63,16.22,16.84,17.48,18.15,18.86,19.59,20.35,21.14,21.94,22.79,23.67,24.58,25.54,26.54,27.59,28.69,29.84,31.05,32.31,33.62,35,36.43,37.93,39.49,41.11,42.8,44.55,46.38,48.28,50.25,52.3,54.43,56.62,58.9,61.25,63.68,66.19,68.77,71.43,74.16,76.97,79.84,82.78,85.78,88.84,91.95,95.12,98.33,101.6,104.91,108.27,111.68,115.14,118.67,122.29
7.94,8.42,8.83,9.21,9.56,9.91,10.25,10.59,10.94,11.3,11.67,12.05,12.44,12.87,13.34,13.84,14.41,15,15.6,16.22,16.86,17.51,18.19,18.88,19.6,20.35,21.12,21.92,22.76,23.64,24.55,25.5,26.47,27.48,28.54,29.64,30.78,31.98,33.23,34.54,35.91,37.34,38.85,40.41,42.05,43.76,45.53,47.39,49.31,51.31,53.4,55.56,57.81,60.15,62.57,65.07,67.67,70.35,73.12,75.98,78.93,81.96,85.08,88.28,91.56,94.92,98.35,101.86,105.43,109.05,112.74,116.48,120.26,124.1,127.98,131.91,135.9,139.95,144.08,148.33
11.03,11.66,12.21,12.71,13.18,13.64,14.1,14.58,15.07,15.56,16.07,16.61,17.16,17.77,18.43,19.13,19.92,20.71,21.53,22.36,23.24,24.14,25.07,26.02,27.01,28.04,29.11,30.21,31.37,32.56,33.81,35.1,36.43,37.82,39.27,40.78,42.35,44,45.71,47.51,49.39,51.35,53.4,55.54,57.77,60.1,62.52,65.04,67.65,70.36,73.19,76.12,79.15,82.3,85.55,88.92,92.4,95.99,99.69,103.5,107.42,111.44,115.57,119.79,124.11,128.52,133.02,137.6,142.25,146.96,151.74,156.58,161.47,166.41,171.41,176.46,181.59,186.8,192.13,197.64
14.64,15.43,16.13,16.76,17.36,17.96,18.57,19.2,19.84,20.5,21.18,21.9,22.65,23.47,24.35,25.27,26.3,27.33,28.39,29.49,30.63,31.82,33.05,34.3,35.61,36.96,38.37,39.81,41.32,42.88,44.51,46.2,47.95,49.77,51.67,53.66,55.73,57.88,60.13,62.49,64.94,67.51,70.19,72.98,75.88,78.92,82.06,85.33,88.71,92.23,95.88,99.66,103.57,107.62,111.8,116.11,120.57,125.14,129.86,134.7,139.67,144.76,149.97,155.29,160.71,166.24,171.85,177.55,183.33,189.18,195.1,201.07,207.09,213.17,219.32,225.53,231.84,238.27,244.89,251.79
18.78,19.75,20.6,21.38,22.14,22.89,23.67,24.48,25.3,26.15,27.04,27.97,28.96,30.02,31.13,32.29,33.59,34.89,36.24,37.63,39.1,40.61,42.17,43.77,45.43,47.16,48.93,50.76,52.66,54.64,56.71,58.86,61.09,63.4,65.82,68.34,70.97,73.7,76.55,79.54,82.65,85.89,89.28,92.8,96.45,100.27,104.21,108.32,112.56,116.96,121.52,126.23,131.11,136.14,141.32,146.66,152.16,157.8,163.6,169.54,175.62,181.83,188.18,194.63,201.2,207.88,214.65,221.51,228.44,235.44,242.5,249.62,256.79,264.03,271.33,278.74,286.27,293.99,302.01,310.49
23.47,24.62,25.64,26.59,27.53,28.47,29.43,30.44,31.47,32.55,33.68,34.87,36.11,37.43,38.79,40.21,41.84,43.45,45.12,46.86,48.67,50.56,52.49,54.48,56.54,58.67,60.86,63.12,65.46,67.92,70.48,73.14,75.9,78.77,81.76,84.89,88.14,91.52,95.05,98.73,102.57,106.56,110.73,115.05,119.54,124.21,129.04,134.05,139.23,144.6,150.14,155.86,161.77,167.85,174.11,180.53,187.14,193.91,200.84,207.93,215.16,222.53,230.05,237.67,245.41,253.26,261.19,269.2,277.29,285.43,293.64,301.89,310.2,318.59,327.07,335.68,344.49,353.61,363.21,373.56
28.72,30.07,31.28,32.43,33.57,34.72,35.89,37.13,38.41,39.74,41.15,42.62,44.14,45.73,47.37,49.08,51.09,53.04,55.08,57.21,59.41,61.7,64.05,66.48,68.97,71.55,74.2,76.93,79.78,82.76,85.87,89.1,92.46,95.94,99.58,103.37,107.32,111.42,115.68,120.13,124.77,129.59,134.6,139.8,145.19,150.8,156.59,162.58,168.76,175.16,181.76,188.55,195.55,202.74,210.12,217.69,225.45,233.38,241.49,249.75,258.16,266.71,275.4,284.2,293.1,302.11,311.18,320.33,329.54,338.8,348.11,357.48,366.9,376.42,386.07,395.92,406.1,416.78,428.25,440.98
34.55,36.12,37.56,38.93,40.29,41.67,43.08,44.59,46.15,47.78,49.48,51.25,53.06,54.94,56.89,58.93,61.39,63.73,66.18,68.73,71.36,74.1,76.91,79.8,82.77,85.84,89,92.26,95.67,99.23,102.95,106.81,110.83,114.99,119.34,123.85,128.56,133.44,138.51,143.8,149.31,155.02,160.95,167.1,173.47,180.07,186.88,193.92,201.17,208.66,216.37,224.28,232.42,240.77,249.32,258.06,267.01,276.12,285.41,294.86,304.45,314.17,324.02,333.97,344,354.12,364.29,374.53,384.81,395.13,405.49,415.9,426.39,437.01,447.84,459,470.67,483.19,497.04,513.04
40.99,42.82,44.5,46.11,47.72,49.36,51.06,52.87,54.75,56.7,58.72,60.79,62.91,65.11,67.41,69.9,72.8,75.57,78.47,81.47,84.59,87.82,91.13,94.52,98,101.6,105.33,109.19,113.21,117.41,121.81,126.36,131.09,136,141.12,146.43,151.96,157.7,163.65,169.85,176.29,182.96,189.89,197.06,204.47,212.14,220.04,228.19,236.57,245.21,254.09,263.18,272.52,282.07,291.83,301.78,311.94,322.26,332.76,343.4,354.18,365.08,376.08,387.16,398.31,409.53,420.79,432.09,443.41,454.76,466.16,477.62,489.2,500.98,513.09,525.75,539.27,554.19,571.37,592.26
48.09,50.19,52.13,54.01,55.9,57.84,59.86,62.02,64.24,66.52,68.86,71.27,73.72,76.29,79.07,82,85.37,88.62,91.99,95.51,99.14,102.89,106.74,110.67,114.72,118.93,123.28,127.78,132.48,137.38,142.5,147.81,153.34,159.05,165,171.19,177.61,184.27,191.17,198.34,205.79,213.5,221.49,229.74,238.25,247.06,256.11,265.44,275.01,284.85,294.94,305.27,315.84,326.62,337.62,348.82,360.21,371.76,383.47,395.31,407.27,419.33,431.47,443.67,455.91,468.21,480.51,492.84,505.18,517.55,529.97,542.5,555.23,568.28,581.89,596.39,612.33,630.64,652.81,681.45
55.86,58.25,60.49,62.67,64.88,67.16,69.55,72.06,74.64,77.27,79.95,82.71,85.55,88.63,91.86,95.27,99.15,102.91,106.82,110.88,115.06,119.38,123.79,128.33,133.01,137.87,142.9,148.11,153.54,159.21,165.13,171.26,177.62,184.21,191.07,198.18,205.57,213.22,221.13,229.36,237.88,246.69,255.8,265.2,274.88,284.88,295.14,305.7,316.51,327.6,338.95,350.54,362.37,374.42,386.69,399.13,411.77,424.54,437.46,450.49,463.61,476.81,490.07,503.36,516.66,529.99,543.31,556.64,569.98,583.36,596.83,610.48,624.46,638.99,654.44,671.38,690.76,714.16,744.26,785.83
64.33,67.05,69.61,72.14,74.71,77.38,80.14,83.03,85.97,88.96,92.02,95.19,98.56,102.12,105.84,109.76,114.2,118.51,122.99,127.63,132.41,137.32,142.36,147.56,152.92,158.49,164.27,170.24,176.47,182.97,189.74,196.75,204.03,211.56,219.39,227.5,235.91,244.62,253.62,262.96,272.62,282.59,292.88,303.49,314.4,325.65,337.17,349,361.09,373.47,386.11,398.99,412.11,425.44,438.98,452.68,466.55,480.54,494.65,508.84,523.1,537.41,551.75,566.08,580.41,594.74,609.04,623.34,637.66,652.06,666.63,681.52,696.96,713.34,731.24,751.66,776.22,807.7,851.03,915.21
68.74,71.62,74.36,77.08,79.86,82.72,85.67,88.73,91.83,94.99,98.25,101.73,105.35,109.16,113.14,117.32,122.03,126.62,131.37,136.28,141.32,146.53,151.89,157.42,163.11,169.05,175.19,181.55,188.17,195.08,202.27,209.7,217.42,225.4,233.68,242.26,251.14,260.32,269.81,279.64,289.78,300.24,311.02,322.12,333.51,345.23,357.21,369.49,382.02,394.82,407.86,421.11,434.59,448.25,462.08,476.05,490.16,504.35,518.62,532.95,547.3,561.67,576.04,590.37,604.68,618.96,633.22,647.48,661.8,676.26,691.02,706.28,722.43,740.04,760.05,784.03,814.68,856.71,918.8,1000
73.3,76.35,79.28,82.21,85.19,88.24,91.35,94.57,97.84,101.2,104.77,108.5,112.36,116.43,120.67,125.12,130.1,134.95,139.97,145.15,150.49,156.01,161.7,167.55,173.61,179.91,186.43,193.18,200.21,207.52,215.13,223,231.15,239.58,248.32,257.36,266.71,276.37,286.33,296.63,307.26,318.19,329.45,341.01,352.87,365.03,377.45,390.15,403.08,416.27,429.67,443.26,457.05,470.99,485.07,499.25,513.54,527.88,542.27,556.67,571.07,585.44,599.79,614.09,628.34,642.55,656.75,671,685.36,699.98,715.08,731.01,748.33,767.96,791.4,821.25,862.06,922.17,1000,1000
78.02,81.26,84.4,87.53,90.69,93.9,97.18,100.56,104.03,107.7,111.51,115.49,119.61,123.93,128.44,133.16,138.4,143.53,148.81,154.28,159.92,165.77,171.78,177.99,184.42,191.08,197.99,205.14,212.57,220.3,228.33,236.63,245.23,254.11,263.3,272.8,282.62,292.75,303.18,313.95,325.03,336.43,348.14,360.16,372.44,385.03,397.86,410.95,424.25,437.78,451.5,465.39,479.44,493.61,507.88,522.23,536.65,551.08,565.53,579.95,594.35,608.69,622.99,637.21,651.37,665.52,679.68,693.94,708.44,723.38,739.11,756.16,775.42,798.34,827.44,867.1,925.34,1000,1000,1000
82.92,86.37,89.71,93.02,96.34,99.71,103.15,106.73,110.51,114.42,118.48,122.71,127.08,131.67,136.45,141.44,146.94,152.33,157.9,163.67,169.64,175.81,182.17,188.74,195.53,202.58,209.89,217.43,225.27,233.42,241.88,250.61,259.65,268.98,278.62,288.59,298.86,309.44,320.33,331.56,343.1,354.94,367.09,379.52,392.22,405.2,418.4,431.84,445.47,459.31,473.31,487.44,501.7,516.06,530.48,544.94,559.44,573.91,588.37,602.77,617.12,631.39,645.59,659.72,673.79,687.89,702.05,716.43,731.22,746.75,763.55,782.46,804.9,833.28,871.84,928.32,1000,1000,1000,1000
88.03,91.67,95.18,98.65,102.13,105.67,109.31,113.2,117.21,121.37,125.68,130.16,134.8,139.66,144.7,149.95,155.71,161.38,167.26,173.35,179.63,186.15,192.87,199.8,206.97,214.41,222.1,230.05,238.3,246.88,255.76,264.94,274.41,284.18,294.28,304.69,315.42,326.45,337.78,349.45,361.42,373.69,386.25,399.08,412.15,425.49,439.04,452.79,466.71,480.81,495.04,509.37,523.81,538.29,552.81,567.34,581.86,596.33,610.75,625.09,639.35,653.52,667.61,681.63,695.64,709.71,723.97,738.62,753.96,770.52,789.1,811.08,838.78,876.31,931.13,1000,1000,1000,1000,1000
93.31,97.13,100.8,104.43,108.08,111.81,115.75,119.88,124.13,128.54,133.1,137.85,142.75,147.87,153.18,158.69,164.73,170.7,176.89,183.3,189.93,196.79,203.87,211.18,218.73,226.56,234.65,243.01,251.68,260.67,269.99,279.59,289.51,299.73,310.26,321.11,332.28,343.75,355.51,367.6,379.99,392.65,405.6,418.8,432.22,445.88,459.73,473.76,487.93,502.25,516.66,531.15,545.7,560.27,574.83,589.37,603.87,618.29,632.64,646.88,661.02,675.06,689.04,702.97,716.95,731.1,745.6,760.78,777.1,795.37,816.91,843.98,880.53,933.78,1000,1000,1000,1000,1000,1000
98.76,102.74,106.57,110.36,114.2,118.23,122.41,126.78,131.28,135.94,140.76,145.77,150.94,156.32,161.89,167.67,174.01,180.29,186.8,193.55,200.52,207.74,215.19,222.88,230.81,239.04,247.53,256.3,265.39,274.81,284.55,294.59,304.94,315.59,326.56,337.84,349.43,361.32,373.5,385.99,398.77,411.81,425.11,438.64,452.38,466.33,480.45,494.71,509.09,523.57,538.13,552.72,567.33,581.93,596.5,611.01,625.44,639.77,654,668.11,682.12,696.03,709.91,723.8,737.84,752.21,767.21,783.31,801.29,822.42,848.88,884.51,936.28,1000,1000,1000,1000,1000,1000,1000
104.36,108.49,112.48,116.46,120.61,124.88,129.3,133.91,138.66,143.58,148.67,153.93,159.36,165,170.84,176.92,183.57,190.16,197,204.09,211.42,219.01,226.83,234.9,243.22,251.85,260.75,269.93,279.44,289.27,299.44,309.91,320.69,331.76,343.15,354.85,366.86,379.15,391.73,404.6,417.73,431.12,444.74,458.58,472.59,486.8,501.14,515.59,530.12,544.74,559.38,574.03,588.66,603.25,617.78,632.2,646.54,660.74,674.83,688.79,702.66,716.46,730.28,744.21,758.45,773.29,789.18,806.87,827.61,853.51,888.27,938.64,1000,1000,1000,1000,1000,1000,1000,1000
110.11,114.4,118.57,122.86,127.23,131.74,136.41,141.27,146.28,151.46,156.8,162.32,168,173.91,180.05,186.45,193.39,200.33,207.51,214.95,222.64,230.6,238.79,247.25,255.96,264.99,274.3,283.89,293.81,304.07,314.66,325.55,336.74,348.23,360.03,372.14,384.54,397.22,410.16,423.38,436.86,450.56,464.47,478.57,492.83,507.25,521.76,536.36,551.01,565.7,580.39,595.04,609.65,624.19,638.62,652.94,667.13,681.19,695.11,708.93,722.66,736.4,750.24,764.35,779.03,794.72,812.15,832.52,857.88,891.82,940.87,1000,1000,1000,1000,1000,1000,1000,1000,1000
116,120.47,124.95,129.47,134.08,138.83,143.74,148.86,154.13,159.56,165.16,170.94,176.89,183.09,189.54,196.24,203.52,210.79,218.31,226.11,234.17,242.5,251.08,259.92,269.04,278.46,288.18,298.18,308.52,319.19,330.19,341.49,353.09,364.98,377.18,389.67,402.45,415.49,428.78,442.33,456.1,470.08,484.25,498.59,513.04,527.63,542.28,556.98,571.7,586.42,601.1,615.72,630.26,644.7,659.01,673.18,687.21,701.09,714.86,728.53,742.19,755.93,769.93,784.46,799.96,817.14,837.15,862,895.16,942.97,1000,1000,1000,1000,1000,1000,1000,1000,1000,1000
122.07,126.84,131.55,136.3,141.15,146.15,151.31,156.69,162.21,167.9,173.75,179.79,186.04,192.55,199.3,206.33,213.94,221.55,229.44,237.6,246.02,254.73,263.69,272.92,282.44,292.26,302.38,312.8,323.54,334.62,346.03,357.72,369.72,382,394.58,407.44,420.57,433.94,447.55,461.39,475.44,489.67,504.06,518.58,533.19,547.9,562.64,577.4,592.14,606.84,621.48,636.02,650.46,664.76,678.91,692.91,706.76,720.47,734.09,747.67,761.32,775.21,789.6,804.92,821.85,841.53,865.9,898.32,944.96,1000,1000,1000,1000,1000,1000,1000,1000,1000,1000,1000
128.42,133.42,138.36,143.35,148.45,153.7,159.12,164.75,170.52,176.46,182.57,188.91,195.46,202.27,209.35,216.72,224.66,232.63,240.87,249.4,258.19,267.28,276.63,286.25,296.16,306.39,316.91,327.73,338.88,350.35,362.15,374.24,386.62,399.27,412.21,425.41,438.86,452.55,466.44,480.55,494.83,509.27,523.84,538.51,553.23,568.02,582.81,597.58,612.29,626.94,641.49,655.92,670.21,684.34,698.31,712.12,725.79,739.35,752.86,766.42,780.2,794.46,809.6,826.31,845.67,869.58,901.31,946.83,1000,1000,1000,1000,1000,1000,1000,1000,1000,1000,1000,1000
134.99,140.22,145.4,150.63,155.98,161.48,167.15,173.03,179.05,185.25,191.66,198.3,205.15,212.29,219.7,227.4,235.69,244.02,252.62,261.51,270.69,280.16,289.89,299.91,310.21,320.84,331.76,342.98,354.51,366.38,378.56,391.01,403.76,416.77,430.04,443.56,457.31,471.27,485.42,499.75,514.24,528.85,543.56,558.33,573.13,587.95,602.74,617.48,632.13,646.68,661.1,675.37,689.49,703.43,717.21,730.82,744.33,757.77,771.25,784.92,799.05,814.03,830.52,849.59,873.06,904.13,948.6,1000,1000,1000,1000,1000,1000,1000,1000,1000,1000,1000,1000,1000
141.78,147.24,152.66,158.14,163.74,169.49,175.42,181.54,187.82,194.31,201.02,207.95,215.13,222.59,230.34,238.39,247.04,255.72,264.69,273.95,283.51,293.35,303.48,313.89,324.59,335.6,346.92,358.52,370.43,382.67,395.22,408.04,421.13,434.46,448.04,461.86,475.88,490.09,504.45,518.98,533.63,548.37,563.17,578.01,592.83,607.65,622.4,637.06,651.6,666.02,680.28,694.37,708.29,722.02,735.6,749.04,762.42,775.81,789.4,803.4,818.23,834.5,853.29,876.35,906.79,950.27,1000,1000,1000,1000,1000,1000,1000,1000,1000,1000,1000,1000,1000,1000
148.78,154.49,160.15,165.89,171.73,177.73,183.9,190.28,196.85,203.64,210.64,217.9,225.4,233.2,241.29,249.7,258.69,267.73,277.07,286.72,296.65,306.88,317.39,328.18,339.27,350.67,362.36,374.34,386.63,399.23,412.13,425.29,438.7,452.33,466.2,480.28,494.54,508.95,523.51,538.19,552.96,567.78,582.64,597.49,612.31,627.07,641.73,656.28,670.68,684.93,699,712.88,726.59,740.12,753.51,766.82,780.14,793.63,807.52,822.19,838.28,856.79,879.46,909.32,951.85,1000,1000,1000,1000,1000,1000,1000,1000,1000,1000,1000,1000,1000,1000,1000
156.02,161.96,167.88,173.86,179.95,186.19,192.62,199.28,206.15,213.23,220.55,228.14,235.97,244.11,252.56,261.31,270.66,280.07,289.78,299.8,310.11,320.72,331.61,342.79,354.26,366.03,378.1,390.44,403.09,416.03,429.26,442.73,456.44,470.35,484.48,498.78,513.25,527.84,542.54,557.33,572.18,587.05,601.92,616.75,631.51,646.18,660.72,675.12,689.34,703.39,717.25,730.91,744.4,757.74,770.99,784.24,797.63,811.41,825.95,841.84,860.1,882.4,911.7,953.34,1000,1000,1000,1000,1000,1000,1000,1000,1000,1000,1000,1000,1000,1000,1000,1000
163.48,169.67,175.83,182.05,188.39,194.89,201.59,208.55,215.71,223.11,230.75,238.67,246.84,255.34,264.13,273.24,282.95,292.73,302.81,313.2,323.89,334.88,346.15,357.7,369.54,381.68,394.1,406.8,419.78,433.06,446.59,460.35,474.33,488.49,502.83,517.34,531.97,546.7,561.51,576.38,591.26,606.14,620.98,635.74,650.4,664.94,679.33,693.54,707.56,721.39,735.02,748.46,761.76,774.94,788.12,801.43,815.1,829.5,845.22,863.23,885.18,913.95,954.76,1000,1000,1000,1000,1000,1000,1000,1000,1000,1000,1000,1000,1000,1000,1000,1000,1000
171.18,177.61,184.01,190.47,197.06,203.84,210.84,218.09,225.56,233.28,241.25,249.5,258.03,266.87,276.01,285.49,295.56,305.7,316.16,326.92,337.98,349.35,360.99,372.9,385.1,397.59,410.36,423.39,436.7,450.27,464.09,478.11,492.33,506.71,521.25,535.91,550.68,565.51,580.38,595.28,610.16,625,639.77,654.43,668.95,683.33,697.52,711.53,725.32,738.92,752.32,765.56,778.69,791.8,805.02,818.59,832.87,848.41,866.19,887.81,916.09,956.09,1000,1000,1000,1000,1000,1000,1000,1000,1000,1000,1000,1000,1000,1000,1000,1000,1000,1000
179.1,185.77,192.4,199.12,205.99,213.06,220.34,227.91,235.7,243.74,252.05,260.65,269.51,278.71,288.21,298.06,308.49,319,329.82,340.95,352.38,364.11,376.11,388.38,400.93,413.76,426.86,440.2,453.81,467.66,481.73,495.99,510.42,524.98,539.68,554.46,569.32,584.21,599.11,614,628.84,643.6,658.25,672.77,687.13,701.31,715.29,729.06,742.61,755.98,769.17,782.24,795.28,808.43,821.9,836.05,851.44,869,890.31,918.1,957.36,1000,1000,1000,1000,1000,1000,1000,1000,1000,1000,1000,1000,1000,1000,1000,1000,1000,1000,1000
187.25,194.15,201.03,208.03,215.18,222.54,230.14,238.02,246.13,254.51,263.16,272.1,281.31,290.86,300.73,310.94,321.73,332.6,343.79,355.29,367.08,379.16,391.52,404.13,417.01,430.17,443.58,457.21,471.08,485.19,499.49,513.95,528.56,543.27,558.08,572.96,587.87,602.78,617.66,632.5,647.26,661.9,676.41,690.75,704.9,718.86,732.6,746.13,759.45,772.6,785.62,798.59,811.66,825.04,839.07,854.3,871.66,892.66,920.01,958.55,1000,1000,1000,1000,1000,1000,1000,1000,1000,1000,1000,1000,1000,1000,1000,1000,1000,1000,1000,1000
195.61,202.76,209.92,217.2,224.64,232.31,240.22,248.42,256.87,265.58,274.57,283.86,293.43,303.34,313.56,324.13,335.28,346.52,358.07,369.93,382.06,394.49,407.18,420.13,433.33,446.79,460.48,474.38,488.51,502.83,517.34,531.97,546.72,561.54,576.43,591.35,606.28,621.17,636,650.74,665.38,679.87,694.19,708.33,722.26,735.98,749.47,762.75,775.84,788.81,801.73,814.72,828.01,841.93,857.02,874.17,894.9,921.82,959.68,1000,1000,1000,1000,1000,1000,1000,1000,1000,1000,1000,1000,1000,1000,1000,1000,1000,1000,1000,1000,1000
204.21,211.63,219.07,226.63,234.38,242.36,250.59,259.12,267.9,276.96,286.29,295.93,305.86,316.12,326.71,337.64,349.14,360.74,372.64,384.84,397.33,410.09,423.1,436.36,449.86,463.6,477.56,491.7,506.04,520.56,535.23,550,564.85,579.75,594.68,609.62,624.51,639.34,654.07,668.7,683.17,697.47,711.59,725.5,739.17,752.64,765.88,778.94,791.85,804.7,817.63,830.83,844.64,859.59,876.56,897.01,923.53,960.75,1000,1000,1000,1000,1000,1000,1000,1000,1000,1000,1000,1000,1000,1000,1000,1000,1000,1000,1000,1000,1000,1000
213.06,220.76,228.48,236.35,244.41,252.7,261.26,270.13,279.24,288.64,298.32,308.32,318.6,329.22,340.17,351.45,363.31,375.26,387.5,400.04,412.85,425.93,439.25,452.81,466.58,480.58,494.77,509.13,523.66,538.34,553.14,568.01,582.93,597.87,612.8,627.7,642.53,657.26,671.86,686.32,700.61,714.69,728.57,742.23,755.65,768.86,781.87,794.73,807.53,820.38,833.51,847.21,862.03,878.82,899.02,925.15,961.77,1000,1000,1000,1000,1000,1000,1000,1000,1000,1000,1000,1000,1000,1000,1000,1000,1000,1000,1000,1000,1000,1000,1000
222.17,230.15,238.17,246.35,254.72,263.34,272.24,281.43,290.89,300.63,310.67,321.01,331.65,342.63,353.93,365.57,377.76,390.05,402.63,415.49,428.62,442.01,455.62,469.44,483.47,497.7,512.1,526.64,541.32,556.13,571.03,585.96,600.92,615.85,630.75,645.57,660.3,674.89,689.33,703.59,717.66,731.51,745.13,758.52,771.68,784.66,797.47,810.21,823,836.04,849.66,864.34,880.96,900.92,926.69,962.73,1000,1000,1000,1000,1000,1000,1000,1000,1000,1000,1000,1000,1000,1000,1000,1000,1000,1000,1000,1000,1000,1000,1000,1000
231.54,239.82,248.15,256.63,265.33,274.29,283.51,293.04,302.85,312.94,323.32,334.02,345.01,356.34,367.99,379.97,392.5,405.12,418.02,431.2,444.62,458.29,472.17,486.24,500.49,514.93,529.5,544.2,559.01,573.9,588.86,603.82,618.77,633.66,648.48,663.2,677.78,692.2,706.44,720.48,734.3,747.89,761.25,774.38,787.3,800.07,812.76,825.49,838.45,851.97,866.54,882.99,902.72,928.14,963.64,1000,1000,1000,1000,1000,1000,1000,1000,1000,1000,1000,1000,1000,1000,1000,1000,1000,1000,1000,1000,1000,1000,1000,1000,1000
241.2,249.78,258.41,267.22,276.25,285.53,295.09,304.96,315.11,325.55,336.29,347.33,358.67,370.35,382.35,394.66,407.51,420.45,433.66,447.13,460.83,474.76,488.88,503.18,517.63,532.24,546.96,561.78,576.67,591.62,606.6,621.55,636.45,651.26,665.97,680.54,694.95,709.17,723.18,736.97,750.53,763.85,776.94,789.83,802.54,815.18,827.85,840.74,854.16,868.62,884.92,904.42,929.52,964.5,1000,1000,1000,1000,1000,1000,1000,1000,1000,1000,1000,1000,1000,1000,1000,1000,1000,1000,1000,1000,1000,1000,1000,1000,1000,1000
251.14,260.02,268.98,278.11,287.46,297.08,306.98,317.19,327.69,338.48,349.56,360.95,372.64,384.65,396.98,409.62,422.78,436.02,449.52,463.27,477.23,491.4,505.74,520.23,534.85,549.6,564.44,579.33,594.28,609.25,624.2,639.1,653.92,668.61,683.17,697.57,711.77,725.76,739.52,753.04,766.33,779.38,792.23,804.9,817.48,830.09,842.91,856.25,870.6,886.75,906.04,930.83,965.32,1000,1000,1000,1000,1000,1000,1000,1000,1000,1000,1000,1000,1000,1000,1000,1000,1000,1000,1000,1000,1000,1000,1000,1000,1000,1000,1000
261.36,270.56,279.84,289.29,298.98,308.93,319.17,329.73,340.57,351.7,363.13,374.86,386.89,399.23,411.88,424.83,438.29,451.82,465.59,479.59,493.79,508.17,522.7,537.36,552.11,566.97,581.89,596.83,611.79,626.74,641.64,656.45,671.15,685.69,700.07,714.25,728.22,741.95,755.44,768.7,781.71,794.51,807.14,819.67,832.22,844.98,858.23,872.47,888.48,907.58,932.07,966.09,1000,1000,1000,1000,1000,1000,1000,1000,1000,1000,1000,1000,1000,1000,1000,1000,1000,1000,1000,1000,1000,1000,1000,1000,1000,1000,1000,1000
271.89,281.4,291,300.78,310.8,321.09,331.67,342.58,353.76,365.23,376.99,389.07,401.41,414.08,427.04,440.29,454.03,467.83,481.85,496.08,510.49,525.06,539.74,554.53,569.4,584.33,599.29,614.24,629.17,644.07,658.88,673.56,688.1,702.46,716.62,730.57,744.28,757.74,770.95,783.93,796.69,809.28,821.76,834.25,846.94,860.12,874.26,890.13,909.04,933.25,966.83,1000,1000,1000,1000,1000,1000,1000,1000,1000,1000,1000,1000,1000,1000,1000,1000,1000,1000,1000,1000,1000,1000,1000,1000,1000,1000,1000,1000,1000
282.71,292.53,302.46,312.58,322.93,333.56,344.48,355.72,367.24,379.05,391.15,403.54,416.21,429.18,442.44,455.98,469.98,484.02,498.27,512.71,527.29,542.02,556.83,571.73,586.66,601.63,616.59,631.52,646.39,661.19,675.87,690.4,704.74,718.88,732.81,746.5,759.93,773.12,786.05,798.77,811.31,823.74,836.18,848.81,861.91,875.95,891.69,910.42,934.37,967.53,1000,1000,1000,1000,1000,1000,1000,1000,1000,1000,1000,1000,1000,1000,1000,1000,1000,1000,1000,1000,1000,1000,1000,1000,1000,1000,1000,1000,1000,1000
293.82,303.97,314.23,324.68,335.37,346.34,357.59,369.17,381.02,393.16,405.58,418.29,431.26,444.53,458.07,471.87,486.1,500.37,514.82,529.44,544.18,559.03,573.94,588.9,603.87,618.84,633.77,648.63,663.41,678.07,692.59,706.92,721.05,734.95,748.61,762.02,775.18,788.08,800.76,813.25,825.64,838.02,850.59,863.61,877.56,893.18,911.74,935.43,968.19,1000,1000,1000,1000,1000,1000,1000,1000,1000,1000,1000,1000,1000,1000,1000,1000,1000,1000,1000,1000,1000,1000,1000,1000,1000,1000,1000,1000,1000,1000,1000
305.24,315.71,326.3,337.08,348.11,359.41,371,382.91,395.09,407.55,420.27,433.28,446.55,460.1,473.9,487.94,502.39,516.86,531.49,546.25,561.11,576.05,591.03,606.02,620.98,635.92,650.79,665.55,680.19,694.68,709.01,723.12,737,750.64,764.02,777.14,790.02,802.66,815.11,827.45,839.78,852.28,865.23,879.09,894.59,912.99,936.44,968.82,1000,1000,1000,1000,1000,1000,1000,1000,1000,1000,1000,1000,1000,1000,1000,1000,1000,1000,1000,1000,1000,1000,1000,1000,1000,1000,1000,1000,1000,1000,1000,1000
316.96,327.76,338.67,349.79,361.14,372.78,384.7,396.93,409.43,422.19,435.22,448.52,462.07,475.87,489.91,504.17,518.82,533.45,548.23,563.11,578.06,593.06,608.06,623.04,637.97,652.84,667.6,682.22,696.7,711,725.1,738.96,752.58,765.93,779.02,791.86,804.47,816.88,829.17,841.45,853.9,866.78,880.55,895.94,914.18,937.4,969.42,1000,1000,1000,1000,1000,1000,1000,1000,1000,1000,1000,1000,1000,1000,1000,1000,1000,1000,1000,1000,1000,1000,1000,1000,1000,1000,1000,1000,1000,1000,1000,1000,1000
328.98,340.11,351.35,362.79,374.48,386.44,398.69,411.23,424.03,437.09,450.41,463.98,477.78,491.83,506.08,520.54,535.35,550.13,565.01,579.98,594.99,610.01,625.01,639.95,654.8,669.56,684.18,698.63,712.91,726.98,740.83,754.42,767.76,780.82,793.62,806.2,818.58,830.82,843.05,855.44,868.25,881.94,897.22,915.31,938.3,969.98,1000,1000,1000,1000,1000,1000,1000,1000,1000,1000,1000,1000,1000,1000,1000,1000,1000,1000,1000,1000,1000,1000,1000,1000,1000,1000,1000,1000,1000,1000,1000,1000,1000,1000
341.31,352.76,364.32,376.09,388.11,400.39,412.94,425.79,438.88,452.23,465.82,479.65,493.68,507.94,522.39,537.01,551.95,566.84,581.82,596.84,611.86,626.87,641.82,656.69,671.43,686.05,700.5,714.75,728.79,742.61,756.19,769.5,782.54,795.31,807.85,820.19,832.4,844.58,856.91,869.66,883.27,898.44,916.39,939.17,970.52,1000,1000,1000,1000,1000,1000,1000,1000,1000,1000,1000,1000,1000,1000,1000,1000,1000,1000,1000,1000,1000,1000,1000,1000,1000,1000,1000,1000,1000,1000,1000,1000,1000,1000,1000
353.94,365.71,377.6,389.69,402.02,414.6,427.46,440.6,453.98,467.59,481.43,495.49,509.74,524.19,538.8,553.56,568.61,583.58,598.6,613.64,628.65,643.61,658.48,673.23,687.83,702.27,716.51,730.53,744.32,757.87,771.16,784.17,796.92,809.43,821.73,833.9,846.04,858.31,871,884.53,899.61,917.41,940,971.04,1000,1000,1000,1000,1000,1000,1000,1000,1000,1000,1000,1000,1000,1000,1000,1000,1000,1000,1000,1000,1000,1000,1000,1000,1000,1000,1000,1000,1000,1000,1000,1000,1000,1000,1000,1000
366.86,378.95,391.16,403.56,416.2,429.08,442.23,455.65,469.29,483.16,497.22,511.49,525.93,540.54,555.29,570.16,585.28,600.3,615.33,630.35,645.31,660.19,674.94,689.54,703.97,718.2,732.21,745.97,759.49,772.75,785.74,798.46,810.94,823.2,835.33,847.43,859.66,872.28,885.74,900.72,918.39,940.78,971.53,1000,1000,1000,1000,1000,1000,1000,1000,1000,1000,1000,1000,1000,1000,1000,1000,1000,1000,1000,1000,1000,1000,1000,1000,1000,1000,1000,1000,1000,1000,1000,1000,1000,1000,1000,1000,1000
380.08,392.48,405,417.71,430.64,443.81,457.23,470.91,484.8,498.89,513.17,527.62,542.22,556.97,571.82,586.77,601.93,616.96,631.97,646.94,661.81,676.57,691.18,705.6,719.81,733.81,747.56,761.05,774.27,787.23,799.93,812.38,824.61,836.7,848.76,860.94,873.51,886.89,901.78,919.32,941.53,971.99,1000,1000,1000,1000,1000,1000,1000,1000,1000,1000,1000,1000,1000,1000,1000,1000,1000,1000,1000,1000,1000,1000,1000,1000,1000,1000,1000,1000,1000,1000,1000,1000,1000,1000,1000,1000,1000,1000
393.59,406.29,419.11,432.11,445.33,458.78,472.46,486.38,500.49,514.79,529.25,543.86,558.59,573.44,588.37,603.36,618.53,633.53,648.49,663.37,678.12,692.73,707.15,721.36,735.33,749.07,762.54,775.74,788.67,801.33,813.75,825.96,838.02,850.03,862.16,874.68,887.99,902.79,920.21,942.25,972.44,1000,1000,1000,1000,1000,1000,1000,1000,1000,1000,1000,1000,1000,1000,1000,1000,1000,1000,1000,1000,1000,1000,1000,1000,1000,1000,1000,1000,1000,1000,1000,1000,1000,1000,1000,1000,1000,1000,1000
407.38,420.37,433.48,446.76,460.25,473.96,487.88,502.03,516.34,530.82,545.43,560.18,575.01,589.93,604.9,619.9,635.04,649.99,664.86,679.61,694.2,708.62,722.83,736.8,750.51,763.97,777.15,790.05,802.68,815.07,827.24,839.27,851.24,863.33,875.79,889.04,903.76,921.07,942.93,972.86,1000,1000,1000,1000,1000,1000,1000,1000,1000,1000,1000,1000,1000,1000,1000,1000,1000,1000,1000,1000,1000,1000,1000,1000,1000,1000,1000,1000,1000,1000,1000,1000,1000,1000,1000,1000,1000,1000,1000,1000
421.43,434.71,448.1,461.65,475.39,489.34,503.48,517.83,532.32,546.95,561.69,576.53,591.44,606.4,621.38,636.36,651.42,666.28,681.02,695.62,710.03,724.23,738.19,751.9,765.34,778.5,791.38,803.98,816.33,828.47,840.46,852.4,864.45,876.86,890.05,904.68,921.88,943.58,973.26,1000,1000,1000,1000,1000,1000,1000,1000,1000,1000,1000,1000,1000,1000,1000,1000,1000,1000,1000,1000,1000,1000,1000,1000,1000,1000,1000,1000,1000,1000,1000,1000,1000,1000,1000,1000,1000,1000,1000,1000,1000
435.75,449.3,462.95,476.75,490.73,504.9,519.24,533.76,548.4,563.16,578,592.91,607.85,622.82,637.77,652.69,667.66,682.39,696.97,711.37,725.56,739.52,753.22,766.65,779.78,792.64,805.22,817.54,829.65,841.6,853.51,865.51,877.88,891.01,905.56,922.65,944.21,973.65,1000,1000,1000,1000,1000,1000,1000,1000,1000,1000,1000,1000,1000,1000,1000,1000,1000,1000,1000,1000,1000,1000,1000,1000,1000,1000,1000,1000,1000,1000,1000,1000,1000,1000,1000,1000,1000,1000,1000,1000,1000,1000
450.31,464.12,478.02,492.06,506.25,520.61,535.12,549.79,564.56,579.41,594.32,609.27,624.22,639.15,654.04,668.86,683.7,698.27,712.66,726.84,740.79,754.48,767.89,781.02,793.85,806.41,818.71,830.78,842.7,854.56,866.53,878.85,891.92,906.4,923.39,944.8,974.02,1000,1000,1000,1000,1000,1000,1000,1000,1000,1000,1000,1000,1000,1000,1000,1000,1000,1000,1000,1000,1000,1000,1000,1000,1000,1000,1000,1000,1000,1000,1000,1000,1000,1000,1000,1000,1000,1000,1000,1000,1000,1000,1000
465.1,479.16,493.29,507.53,521.92,536.45,551.11,565.9,580.76,595.68,610.62,625.57,640.49,655.37,670.16,684.85,699.51,713.89,728.06,742,755.67,769.08,782.19,795.01,807.55,819.82,831.87,843.76,855.58,867.51,879.78,892.8,907.21,924.1,945.37,974.37,1000,1000,1000,1000,1000,1000,1000,1000,1000,1000,1000,1000,1000,1000,1000,1000,1000,1000,1000,1000,1000,1000,1000,1000,1000,1000,1000,1000,1000,1000,1000,1000,1000,1000,1000,1000,1000,1000,1000,1000,1000,1000,1000,1000
480.11,494.39,508.73,523.16,537.72,552.4,567.18,582.06,596.98,611.93,626.87,641.79,656.64,671.42,686.09,700.61,715.08,729.23,743.15,756.82,770.21,783.31,796.12,808.64,820.89,832.91,844.77,856.56,868.44,880.67,893.64,907.98,924.78,945.91,974.71,1000,1000,1000,1000,1000,1000,1000,1000,1000,1000,1000,1000,1000,1000,1000,1000,1000,1000,1000,1000,1000,1000,1000,1000,1000,1000,1000,1000,1000,1000,1000,1000,1000,1000,1000,1000,1000,1000,1000,1000,1000,1000,1000,1000,1000
495.32,509.8,524.32,538.92,553.62,568.42,583.28,598.23,613.18,628.13,643.04,657.89,672.64,687.29,701.79,716.12,730.36,744.26,757.91,771.29,784.38,797.17,809.68,821.91,833.9,845.74,857.5,869.34,881.52,894.43,908.71,925.43,946.43,975.03,1000,1000,1000,1000,1000,1000,1000,1000,1000,1000,1000,1000,1000,1000,1000,1000,1000,1000,1000,1000,1000,1000,1000,1000,1000,1000,1000,1000,1000,1000,1000,1000,1000,1000,1000,1000,1000,1000,1000,1000,1000,1000,1000,1000,1000,1000
510.7,525.36,540.04,554.79,569.6,584.48,599.41,614.38,629.33,644.24,659.08,673.83,688.46,702.94,717.24,731.35,745.33,758.96,772.32,785.4,798.17,810.67,822.88,834.86,846.66,858.39,870.21,882.34,895.2,909.41,926.04,946.92,975.34,1000,1000,1000,1000,1000,1000,1000,1000,1000,1000,1000,1000,1000,1000,1000,1000,1000,1000,1000,1000,1000,1000,1000,1000,1000,1000,1000,1000,1000,1000,1000,1000,1000,1000,1000,1000,1000,1000,1000,1000,1000,1000,1000,1000,1000,1000,1000
526.24,541.05,555.87,570.73,585.62,600.56,615.52,630.48,645.39,660.23,674.97,689.59,704.05,718.33,732.41,746.27,759.97,773.32,786.37,799.13,811.6,823.81,835.77,847.55,859.25,871.03,883.13,895.94,910.09,926.63,947.4,975.63,1000,1000,1000,1000,1000,1000,1000,1000,1000,1000,1000,1000,1000,1000,1000,1000,1000,1000,1000,1000,1000,1000,1000,1000,1000,1000,1000,1000,1000,1000,1000,1000,1000,1000,1000,1000,1000,1000,1000,1000,1000,1000,1000,1000,1000,1000,1000,1000
541.9,556.85,571.77,586.71,601.66,616.62,631.57,646.49,661.34,676.08,690.68,705.13,719.39,733.45,747.28,760.86,774.27,787.31,800.05,812.5,824.69,836.63,848.39,860.07,871.82,883.88,896.65,910.73,927.2,947.85,975.91,1000,1000,1000,1000,1000,1000,1000,1000,1000,1000,1000,1000,1000,1000,1000,1000,1000,1000,1000,1000,1000,1000,1000,1000,1000,1000,1000,1000,1000,1000,1000,1000,1000,1000,1000,1000,1000,1000,1000,1000,1000,1000,1000,1000,1000,1000,1000,1000,1000
557.66,572.71,587.71,602.71,617.68,632.63,647.54,662.39,677.13,691.73,706.16,720.42,734.45,748.26,761.82,775.11,788.21,800.93,813.36,825.53,837.45,849.2,860.85,872.57,884.6,897.32,911.36,927.74,948.28,976.18,1000,1000,1000,1000,1000,1000,1000,1000,1000,1000,1000,1000,1000,1000,1000,1000,1000,1000,1000,1000,1000,1000,1000,1000,1000,1000,1000,1000,1000,1000,1000,1000,1000,1000,1000,1000,1000,1000,1000,1000,1000,1000,1000,1000,1000,1000,1000,1000,1000,1000
573.5,588.62,603.68,618.68,633.65,648.56,663.39,678.14,692.73,707.17,721.4,735.43,749.21,762.75,776.01,789,801.78,814.19,826.33,838.24,849.96,861.6,873.3,885.29,897.97,911.95,928.27,948.7,976.44,1000,1000,1000,1000,1000,1000,1000,1000,1000,1000,1000,1000,1000,1000,1000,1000,1000,1000,1000,1000,1000,1000,1000,1000,1000,1000,1000,1000,1000,1000,1000,1000,1000,1000,1000,1000,1000,1000,1000,1000,1000,1000,1000,1000,1000,1000,1000,1000,1000,1000,1000
589.38,604.55,619.62,634.61,649.53,664.37,679.09,693.7,708.12,722.35,736.36,750.14,763.65,776.89,789.85,802.52,814.99,827.11,838.99,850.69,862.31,873.98,885.95,898.59,912.52,928.77,949.1,976.68,1000,1000,1000,1000,1000,1000,1000,1000,1000,1000,1000,1000,1000,1000,1000,1000,1000,1000,1000,1000,1000,1000,1000,1000,1000,1000,1000,1000,1000,1000,1000,1000,1000,1000,1000,1000,1000,1000,1000,1000,1000,1000,1000,1000,1000,1000,1000,1000,1000,1000,1000,1000
605.28,620.46,635.51,650.46,665.3,680.03,694.61,709.04,723.26,737.27,751.02,764.52,777.74,790.68,803.32,815.69,827.85,839.71,851.39,862.98,874.63,886.58,899.18,913.06,929.24,949.48,976.92,1000,1000,1000,1000,1000,1000,1000,1000,1000,1000,1000,1000,1000,1000,1000,1000,1000,1000,1000,1000,1000,1000,1000,1000,1000,1000,1000,1000,1000,1000,1000,1000,1000,1000,1000,1000,1000,1000,1000,1000,1000,1000,1000,1000,1000,1000,1000,1000,1000,1000,1000,1000,1000
621.16,636.32,651.32,666.18,680.92,695.5,709.91,724.14,738.13,751.88,765.36,778.57,791.48,804.1,816.44,828.51,840.41,852.07,863.63,875.26,887.17,899.74,913.58,929.7,949.85,977.15,1000,1000,1000,1000,1000,1000,1000,1000,1000,1000,1000,1000,1000,1000,1000,1000,1000,1000,1000,1000,1000,1000,1000,1000,1000,1000,1000,1000,1000,1000,1000,1000,1000,1000,1000,1000,1000,1000,1000,1000,1000,1000,1000,1000,1000,1000,1000,1000,1000,1000,1000,1000,1000,1000
636.99,652.09,667.01,681.76,696.35,710.76,724.96,738.96,752.7,766.17,779.36,792.26,804.85,817.17,829.21,841.02,852.71,864.26,875.85,887.74,900.28,914.08,930.14,950.2,977.37,1000,1000,1000,1000,1000,1000,1000,1000,1000,1000,1000,1000,1000,1000,1000,1000,1000,1000,1000,1000,1000,1000,1000,1000,1000,1000,1000,1000,1000,1000,1000,1000,1000,1000,1000,1000,1000,1000,1000,1000,1000,1000,1000,1000,1000,1000,1000,1000,1000,1000,1000,1000,1000,1000,1000
652.74,667.75,682.55,697.15,711.57,725.77,739.74,753.48,766.95,780.12,793,805.59,817.87,829.89,841.68,853.28,864.85,876.43,888.28,900.79,914.55,930.55,950.53,977.57,1000,1000,1000,1000,1000,1000,1000,1000,1000,1000,1000,1000,1000,1000,1000,1000,1000,1000,1000,1000,1000,1000,1000,1000,1000,1000,1000,1000,1000,1000,1000,1000,1000,1000,1000,1000,1000,1000,1000,1000,1000,1000,1000,1000,1000,1000,1000,1000,1000,1000,1000,1000,1000,1000,1000,1000
668.37,683.26,697.9,712.33,726.54,740.51,754.23,767.69,780.85,793.72,806.29,818.56,830.56,842.31,853.89,865.38,876.98,888.81,901.28,915,930.95,950.85,977.77,1000,1000,1000,1000,1000,1000,1000,1000,1000,1000,1000,1000,1000,1000,1000,1000,1000,1000,1000,1000,1000,1000,1000,1000,1000,1000,1000,1000,1000,1000,1000,1000,1000,1000,1000,1000,1000,1000,1000,1000,1000,1000,1000,1000,1000,1000,1000,1000,1000,1000,1000,1000,1000,1000,1000,1000,1000
683.85,698.58,713.05,727.27,741.24,754.95,768.39,781.56,794.41,806.97,819.22,831.2,842.93,854.49,865.95,877.46,889.31,901.75,915.43,931.33,951.16,977.96,1000,1000,1000,1000,1000,1000,1000,1000,1000,1000,1000,1000,1000,1000,1000,1000,1000,1000,1000,1000,1000,1000,1000,1000,1000,1000,1000,1000,1000,1000,1000,1000,1000,1000,1000,1000,1000,1000,1000,1000,1000,1000,1000,1000,1000,1000,1000,1000,1000,1000,1000,1000,1000,1000,1000,1000,1000,1000
699.15,713.69,727.95,741.93,755.65,769.08,782.22,795.07,807.62,819.86,831.82,843.54,855.06,866.5,877.98,889.75,902.2,915.84,931.69,951.45,978.14,1000,1000,1000,1000,1000,1000,1000,1000,1000,1000,1000,1000,1000,1000,1000,1000,1000,1000,1000,1000,1000,1000,1000,1000,1000,1000,1000,1000,1000,1000,1000,1000,1000,1000,1000,1000,1000,1000,1000,1000,1000,1000,1000,1000,1000,1000,1000,1000,1000,1000,1000,1000,1000,1000,1000,1000,1000,1000,1000
714.23,728.56,742.58,756.3,769.73,782.87,795.7,808.24,820.47,832.41,844.11,855.62,867.03,878.49,890.23,902.6,916.24,932.03,951.72,978.31,1000,1000,1000,1000,1000,1000,1000,1000,1000,1000,1000,1000,1000,1000,1000,1000,1000,1000,1000,1000,1000,1000,1000,1000,1000,1000,1000,1000,1000,1000,1000,1000,1000,1000,1000,1000,1000,1000,1000,1000,1000,1000,1000,1000,1000,1000,1000,1000,1000,1000,1000,1000,1000,1000,1000,1000,1000,1000,1000,1000
729.07,743.16,756.91,770.36,783.49,796.31,808.83,821.05,832.99,844.67,856.16,867.55,878.98,890.69,903.03,916.59,932.37,951.99,978.48,1000,1000,1000,1000,1000,1000,1000,1000,1000,1000,1000,1000,1000,1000,1000,1000,1000,1000,1000,1000,1000,1000,1000,1000,1000,1000,1000,1000,1000,1000,1000,1000,1000,1000,1000,1000,1000,1000,1000,1000,1000,1000,1000,1000,1000,1000,1000,1000,1000,1000,1000,1000,1000,1000,1000,1000,1000,1000,1000,1000,1000
743.65,757.47,770.93,784.08,796.9,809.4,821.61,833.53,845.2,856.68,868.05,879.46,891.14,903.44,916.96,932.66,952.24,978.63,1000,1000,1000,1000,1000,1000,1000,1000,1000,1000,1000,1000,1000,1000,1000,1000,1000,1000,1000,1000,1000,1000,1000,1000,1000,1000,1000,1000,1000,1000,1000,1000,1000,1000,1000,1000,1000,1000,1000,1000,1000,1000,1000,1000,1000,1000,1000,1000,1000,1000,1000,1000,1000,1000,1000,1000,1000,1000,1000,1000,1000,1000
757.93,771.46,784.62,797.45,809.95,822.15,834.05,845.71,857.17,868.53,879.92,891.57,903.85,917.33,932.98,952.47,978.78,1000,1000,1000,1000,1000,1000,1000,1000,1000,1000,1000,1000,1000,1000,1000,1000,1000,1000,1000,1000,1000,1000,1000,1000,1000,1000,1000,1000,1000,1000,1000,1000,1000,1000,1000,1000,1000,1000,1000,1000,1000,1000,1000,1000,1000,1000,1000,1000,1000,1000,1000,1000,1000,1000,1000,1000,1000,1000,1000,1000,1000,1000,1000
771.89,785.11,797.96,810.47,822.66,834.56,846.2,857.65,868.99,880.36,891.99,904.24,917.68,933.28,952.71,978.92,1000,1000,1000,1000,1000,1000,1000,1000,1000,1000,1000,1000,1000,1000,1000,1000,1000,1000,1000,1000,1000,1000,1000,1000,1000,1000,1000,1000,1000,1000,1000,1000,1000,1000,1000,1000,1000,1000,1000,1000,1000,1000,1000,1000,1000,1000,1000,1000,1000,1000,1000,1000,1000,1000,1000,1000,1000,1000,1000,1000,1000,1000,1000,1000
785.53,798.43,810.96,823.15,835.04,846.67,858.1,869.43,880.78,892.39,904.61,918.02,933.58,952.95,979.06,1000,1000,1000,1000,1000,1000,1000,1000,1000,1000,1000,1000,1000,1000,1000,1000,1000,1000,1000,1000,1000,1000,1000,1000,1000,1000,1000,1000,1000,1000,1000,1000,1000,1000,1000,1000,1000,1000,1000,1000,1000,1000,1000,1000,1000,1000,1000,1000,1000,1000,1000,1000,1000,1000,1000,1000,1000,1000,1000,1000,1000,1000,1000,1000,1000
798.82,811.39,823.6,835.5,847.12,858.54,869.84,881.19,892.78,904.98,918.35,933.87,953.17,979.2,1000,1000,1000,1000,1000,1000,1000,1000,1000,1000,1000,1000,1000,1000,1000,1000,1000,1000,1000,1000,1000,1000,1000,1000,1000,1000,1000,1000,1000,1000,1000,1000,1000,1000,1000,1000,1000,1000,1000,1000,1000,1000,1000,1000,1000,1000,1000,1000,1000,1000,1000,1000,1000,1000,1000,1000,1000,1000,1000,1000,1000,1000,1000,1000,1000,1000
811.76,824.01,835.92,847.55,858.96,870.25,881.57,893.15,905.32,918.67,934.15,953.4,979.34,1000,1000,1000,1000,1000,1000,1000,1000,1000,1000,1000,1000,1000,1000,1000,1000,1000,1000,1000,1000,1000,1000,1000,1000,1000,1000,1000,1000,1000,1000,1000,1000,1000,1000,1000,1000,1000,1000,1000,1000,1000,1000,1000,1000,1000,1000,1000,1000,1000,1000,1000,1000,1000,1000,1000,1000,1000,1000,1000,1000,1000,1000,1000,1000,1000,1000,1000
