0.2,0.22,0.24,0.25,0.26,0.27,0.28,0.29,0.3,0.31,0.32,0.33,0.34,0.35,0.36,0.37,0.38,0.39,0.4,0.42,0.43,0.45,0.46,0.48,0.5,0.52,0.53,0.55,0.57,0.59,0.6,0.62,0.65,0.67,0.69,0.71,0.73,0.76,0.78,0.81,0.83,0.86,0.89,0.91,0.94,0.97,1,1.04,1.07,1.1,1.14,1.17,1.21,1.25,1.29,1.33,1.37,1.41,1.46,1.5,1.55,1.6,1.65,1.7,1.76,1.81,1.87,1.93,2,2.06,2.13,2.21,2.28,2.36,2.45,2.54,2.63,2.73,2.84,2.95,3.07,3.05
0.68,0.73,0.77,0.81,0.84,0.87,0.9,0.93,0.97,1,1.03,1.07,1.1,1.13,1.16,1.19,1.23,1.27,1.31,1.36,1.41,1.46,1.51,1.57,1.62,1.67,1.73,1.78,1.84,1.9,1.96,2.03,2.1,2.17,2.24,2.31,2.38,2.46,2.54,2.62,2.7,2.79,2.87,2.96,3.06,3.16,3.25,3.36,3.46,3.57,3.68,3.8,3.92,4.04,4.16,4.29,4.42,4.56,4.7,4.84,4.99,5.14,5.3,5.46,5.63,5.8,5.98,6.17,6.37,6.57,6.78,7,7.23,7.47,7.72,7.98,8.26,8.55,8.85,9.17,9.5,9.6
1.45,1.55,1.63,1.7,1.76,1.82,1.89,1.96,2.03,2.1,2.17,2.24,2.3,2.36,2.43,2.5,2.58,2.67,2.76,2.86,2.96,3.07,3.18,3.29,3.4,3.51,3.62,3.74,3.86,3.98,4.12,4.25,4.39,4.54,4.68,4.84,4.99,5.15,5.31,5.48,5.65,5.83,6.01,6.2,6.4,6.6,6.81,7.02,7.24,7.47,7.7,7.94,8.18,8.43,8.69,8.95,9.22,9.5,9.79,10.08,10.38,10.69,11.01,11.33,11.67,12.02,12.38,12.75,13.13,13.53,13.94,14.37,14.81,15.28,15.76,16.26,16.79,17.34,17.92,18.52,19.15,19.44
2.37,2.51,2.62,2.73,2.83,2.93,3.03,3.14,3.25,3.36,3.47,3.58,3.68,3.78,3.89,4.01,4.14,4.28,4.43,4.58,4.75,4.92,5.09,5.26,5.44,5.62,5.8,5.98,6.18,6.38,6.59,6.81,7.03,7.26,7.5,7.74,7.99,8.24,8.5,8.76,9.04,9.32,9.62,9.92,10.23,10.55,10.88,11.22,11.57,11.93,12.3,12.67,13.06,13.45,13.86,14.27,14.7,15.13,15.58,16.04,16.5,16.98,17.48,17.98,18.5,19.03,19.58,20.14,20.72,21.32,21.94,22.58,23.23,23.92,24.63,25.38,26.15,26.95,27.79,28.67,29.57,30.11
3.74,3.94,4.11,4.27,4.43,4.59,4.75,4.92,5.09,5.26,5.42,5.58,5.75,5.91,6.09,6.28,6.48,6.7,6.94,7.18,7.44,7.7,7.97,8.23,8.51,8.78,9.06,9.36,9.66,9.98,10.31,10.65,11,11.35,11.72,12.1,12.48,12.87,13.27,13.69,14.12,14.56,15.02,15.49,15.97,16.48,16.99,17.52,18.05,18.61,19.18,19.76,20.35,20.96,21.59,22.22,22.88,23.54,24.22,24.92,25.63,26.35,27.1,27.85,28.63,29.42,30.24,31.08,31.93,32.81,33.71,34.64,35.6,36.59,37.62,38.68,39.78,40.93,42.12,43.36,44.65,45.53
5.47,5.74,5.98,6.21,6.43,6.66,6.9,7.14,7.38,7.61,7.84,8.08,8.32,8.57,8.83,9.11,9.4,9.72,10.07,10.42,10.79,11.16,11.55,11.93,12.32,12.72,13.13,13.56,14,14.46,14.93,15.42,15.93,16.44,16.97,17.51,18.06,18.62,19.21,19.81,20.43,21.07,21.73,22.41,23.11,23.83,24.56,25.32,26.1,26.89,27.7,28.54,29.39,30.26,31.14,32.05,32.98,33.92,34.88,35.86,36.86,37.87,38.91,39.97,41.04,42.14,43.26,44.41,45.57,46.77,47.99,49.24,50.52,51.85,53.21,54.63,56.08,57.6,59.16,60.79,62.46,63.74
7.57,7.91,8.24,8.55,8.86,9.17,9.49,9.81,10.12,10.44,10.76,11.08,11.42,11.77,12.14,12.53,12.93,13.38,13.85,14.33,14.83,15.34,15.86,16.38,16.91,17.46,18.03,18.62,19.23,19.85,20.51,21.18,21.87,22.57,23.29,24.02,24.78,25.56,26.35,27.18,28.03,28.9,29.81,30.74,31.69,32.67,33.68,34.71,35.76,36.84,37.94,39.07,40.23,41.4,42.6,43.82,45.06,46.32,47.61,48.92,50.24,51.59,52.96,54.35,55.77,57.2,58.66,60.14,61.65,63.18,64.74,66.33,67.96,69.63,71.35,73.12,74.94,76.82,78.77,80.78,82.86,84.57
9.65,10.07,10.47,10.86,11.25,11.64,12.03,12.42,12.82,13.22,13.63,14.05,14.48,14.93,15.4,15.9,16.42,16.99,17.59,18.19,18.82,19.45,20.1,20.76,21.44,22.14,22.86,23.6,24.37,25.17,25.99,26.84,27.71,28.59,29.49,30.43,31.38,32.36,33.38,34.42,35.49,36.6,37.74,38.91,40.11,41.35,42.61,43.91,45.23,46.58,47.96,49.37,50.81,52.28,53.77,55.28,56.82,58.38,59.97,61.58,63.21,64.85,66.52,68.21,69.92,71.65,73.39,75.16,76.95,78.76,80.59,82.46,84.35,86.3,88.28,90.31,92.4,94.56,96.77,99.06,101.43,103.54
12.48,13.01,13.51,14,14.5,14.99,15.48,15.98,16.49,17,17.53,18.07,18.63,19.22,19.84,20.49,21.18,21.91,22.66,23.43,24.23,25.04,25.87,26.71,27.59,28.49,29.42,30.38,31.37,32.39,33.45,34.53,35.63,36.76,37.93,39.12,40.35,41.61,42.91,44.26,45.63,47.05,48.51,50.01,51.54,53.12,54.73,56.38,58.07,59.78,61.54,63.33,65.15,67,68.88,70.79,72.73,74.69,76.67,78.67,80.7,82.74,84.8,86.88,88.97,91.07,93.19,95.32,97.47,99.63,101.82,104.03,106.26,108.53,110.85,113.21,115.63,118.11,120.67,123.3,126.02,128.65
15.73,16.38,17,17.61,18.22,18.82,19.43,20.05,20.69,21.34,22.01,22.69,23.41,24.16,24.94,25.77,26.63,27.54,28.48,29.44,30.43,31.43,32.48,33.54,34.64,35.78,36.95,38.15,39.39,40.67,41.98,43.33,44.71,46.12,47.58,49.08,50.62,52.2,53.83,55.51,57.23,59,60.82,62.69,64.61,66.57,68.58,70.63,72.72,74.85,77.02,79.23,81.48,83.76,86.07,88.42,90.79,93.18,95.6,98.03,100.48,102.95,105.43,107.91,110.4,112.9,115.39,117.9,120.41,122.92,125.45,127.99,130.54,133.12,135.74,138.4,141.11,143.89,146.75,149.69,152.73,155.92
21.8,22.66,23.5,24.32,25.14,25.96,26.8,27.65,28.53,29.43,30.36,31.32,32.32,33.37,34.47,35.62,36.8,38.04,39.33,40.63,41.99,43.38,44.82,46.29,47.81,49.37,50.98,52.64,54.35,56.1,57.9,59.75,61.65,63.6,65.6,67.66,69.78,71.96,74.2,76.51,78.88,81.31,83.81,86.37,88.99,91.67,94.41,97.21,100.06,102.96,105.92,108.92,111.97,115.06,118.18,121.34,124.53,127.73,130.96,134.21,137.47,140.73,144,147.26,150.51,153.76,156.99,160.22,163.43,166.63,169.82,173.01,176.2,179.4,182.63,185.9,189.22,192.62,196.1,199.69,203.41,207.71
28.86,29.97,31.05,32.11,33.17,34.24,35.34,36.47,37.63,38.83,40.07,41.35,42.68,44.08,45.54,47.06,48.62,50.24,51.92,53.63,55.42,57.25,59.15,61.09,63.09,65.16,67.28,69.46,71.7,74,76.36,78.79,81.29,83.85,86.49,89.21,92,94.87,97.81,100.85,103.96,107.15,110.43,113.78,117.21,120.72,124.29,127.95,131.66,135.43,139.28,143.17,147.12,151.11,155.14,159.2,163.3,167.41,171.54,175.67,179.8,183.93,188.04,192.13,196.19,200.22,204.22,208.18,212.09,215.97,219.82,223.63,227.41,231.2,234.98,238.79,242.65,246.58,250.6,254.77,259.11,264.76
36.97,38.35,39.68,41.01,42.35,43.72,45.13,46.57,48.06,49.6,51.19,52.85,54.58,56.38,58.25,60.16,62.14,64.21,66.34,68.53,70.81,73.15,75.57,78.04,80.6,83.23,85.93,88.7,91.54,94.47,97.48,100.58,103.76,107.03,110.39,113.85,117.41,121.06,124.81,128.67,132.62,136.67,140.83,145.08,149.42,153.86,158.37,162.98,167.66,172.42,177.24,182.13,187.08,192.07,197.1,202.16,207.25,212.34,217.44,222.53,227.6,232.65,237.66,242.61,247.51,252.36,257.12,261.82,266.44,270.97,275.44,279.83,284.16,288.45,292.71,296.98,301.27,305.64,310.11,314.77,319.67,327.05
46.17,47.83,49.45,51.09,52.76,54.46,56.21,58.02,59.88,61.81,63.82,65.91,68.08,70.33,72.63,75,77.47,80.03,82.68,85.42,88.25,91.17,94.17,97.25,100.43,103.7,107.05,110.48,114.01,117.64,121.38,125.23,129.18,133.25,137.43,141.74,146.15,150.69,155.34,160.12,165.02,170.03,175.17,180.42,185.78,191.25,196.82,202.48,208.23,214.07,219.99,225.96,232.01,238.09,244.21,250.35,256.51,262.66,268.81,274.92,280.99,287,292.95,298.82,304.58,310.25,315.8,321.23,326.53,331.7,336.75,341.67,346.48,351.2,355.86,360.48,365.1,369.79,374.62,379.68,385.1,394.89
56.5,58.46,60.42,62.41,64.44,66.52,68.66,70.88,73.17,75.55,78.03,80.6,83.26,85.98,88.78,91.65,94.69,97.82,101.05,104.39,107.84,111.4,115.06,118.83,122.69,126.66,130.73,134.91,139.21,143.64,148.19,152.88,157.71,162.66,167.76,173,178.37,183.89,189.55,195.36,201.3,207.39,213.61,219.97,226.45,233.07,239.79,246.62,253.54,260.56,267.66,274.83,282.06,289.33,296.63,303.94,311.25,318.53,325.79,332.99,340.11,347.15,354.08,360.88,367.54,374.06,380.39,386.56,392.53,398.32,403.91,409.32,414.55,419.63,424.59,429.48,434.34,439.26,444.35,449.77,455.75,469.2
68,70.31,72.65,75.03,77.46,79.96,82.54,85.23,88.01,90.9,93.9,96.99,100.16,103.42,106.76,110.2,113.9,117.66,121.54,125.55,129.69,133.96,138.35,142.86,147.48,152.23,157.1,162.11,167.27,172.58,178.05,183.68,189.46,195.4,201.51,207.79,214.23,220.83,227.6,234.54,241.64,248.9,256.32,263.9,271.61,279.46,287.44,295.54,303.75,312.05,320.44,328.9,337.41,345.95,354.52,363.08,371.62,380.12,388.56,396.91,405.15,413.26,421.23,429.02,436.61,444,451.15,458.06,464.72,471.12,477.25,483.12,488.75,494.15,499.37,504.46,509.51,514.62,519.97,525.82,532.57,553.67
80.74,83.45,86.2,89.01,91.89,94.86,97.95,101.15,104.48,107.93,111.49,115.14,118.88,122.72,126.68,130.84,135.2,139.65,144.26,149.01,153.91,158.96,164.14,169.47,174.93,180.54,186.31,192.24,198.34,204.63,211.11,217.77,224.62,231.65,238.87,246.29,253.9,261.7,269.69,277.87,286.24,294.79,303.52,312.42,321.48,330.69,340.04,349.53,359.12,368.83,378.61,388.46,398.37,408.29,418.23,428.14,438.02,447.83,457.55,467.15,476.61,485.9,494.99,503.86,512.48,520.84,528.91,536.68,544.12,551.24,558.01,564.46,570.59,576.44,582.05,587.49,592.88,598.4,604.32,611.07,619.33,653.37
94.78,97.93,101.12,104.41,107.8,111.31,114.95,118.74,122.67,126.72,130.87,135.13,139.5,143.99,148.71,153.6,158.69,163.92,169.31,174.87,180.6,186.5,192.56,198.77,205.15,211.72,218.47,225.42,232.58,239.94,247.52,255.32,263.33,271.56,280,288.67,297.56,306.67,315.99,325.53,335.29,345.24,355.4,365.74,376.26,386.95,397.79,408.78,419.89,431.1,442.4,453.77,465.18,476.61,488.03,499.42,510.75,522,533.12,544.1,554.9,565.5,575.86,585.96,595.76,605.26,614.42,623.23,631.66,639.71,647.37,654.66,661.58,668.19,674.54,680.76,686.99,693.53,700.82,709.6,721.14,777.94
110.2,113.8,117.51,121.32,125.28,129.38,133.65,138.07,142.63,147.32,152.12,157.04,162.11,167.42,172.92,178.6,184.49,190.55,196.8,203.25,209.88,216.7,223.7,230.89,238.29,245.91,253.74,261.81,270.11,278.66,287.45,296.48,305.77,315.3,325.08,335.12,345.4,355.93,366.7,377.72,388.98,400.46,412.16,424.07,436.17,448.46,460.92,473.54,486.28,499.13,512.07,525.08,538.13,551.19,564.24,577.24,590.18,603,615.69,628.21,640.53,652.63,664.46,676.01,687.25,698.16,708.7,718.87,728.66,738.06,747.07,755.71,764.02,772.07,779.96,787.86,796.06,805.02,815.52,828.91,847.59,1000
127.04,131.16,135.41,139.83,144.41,149.18,154.11,159.21,164.44,169.8,175.31,180.98,186.91,193.05,199.39,205.94,212.69,219.67,226.86,234.26,241.87,249.68,257.71,265.98,274.49,283.25,292.27,301.56,311.11,320.94,331.05,341.43,352.09,363.04,374.28,385.79,397.59,409.67,422.01,434.63,447.52,460.65,474.02,487.62,501.44,515.46,529.67,544.04,558.55,573.19,587.91,602.71,617.55,632.4,647.24,662.02,676.73,691.33,705.8,720.09,734.18,748.04,761.66,775,788.05,800.78,813.2,825.29,837.06,848.52,859.71,870.67,881.49,892.29,903.28,914.76,927.27,941.64,959.35,983,1000,1000
131.16,135.41,139.83,144.41,149.18,154.11,159.21,164.44,169.8,175.31,180.98,186.91,193.05,199.39,205.94,212.69,219.67,226.86,234.26,241.87,249.68,257.71,265.98,274.49,283.25,292.27,301.56,311.11,320.94,331.05,341.43,352.09,363.04,374.28,385.79,397.59,409.67,422.01,434.63,447.52,460.65,474.02,487.62,501.44,515.46,529.67,544.04,558.56,573.19,587.91,602.71,617.55,632.4,647.23,662.02,676.73,691.33,705.79,720.09,734.18,748.04,761.66,775,788.05,800.78,813.2,825.29,837.06,848.52,859.71,870.67,881.49,892.29,903.28,914.76,927.27,941.64,959.35,983,1000,1000,1000
135.41,139.83,144.41,149.18,154.11,159.21,164.44,169.8,175.31,180.98,186.91,193.05,199.39,205.94,212.69,219.67,226.86,234.26,241.87,249.68,257.71,265.98,274.49,283.25,292.27,301.56,311.11,320.94,331.05,341.43,352.1,363.04,374.28,385.79,397.59,409.67,422.02,434.64,447.52,460.65,474.02,487.62,501.44,515.47,529.67,544.04,558.55,573.19,587.91,602.71,617.55,632.4,647.23,662.02,676.73,691.33,705.8,720.09,734.18,748.04,761.66,775,788.05,800.78,813.2,825.29,837.06,848.52,859.71,870.67,881.49,892.29,903.28,914.77,927.27,941.64,959.35,983,1000,1000,1000,1000
139.83,144.41,149.18,154.11,159.21,164.44,169.8,175.31,180.98,186.91,193.05,199.39,205.94,212.69,219.67,226.86,234.26,241.87,249.68,257.71,265.98,274.49,283.25,292.27,301.56,311.11,320.94,331.05,341.43,352.09,363.04,374.28,385.79,397.59,409.66,422.01,434.64,447.52,460.65,474.02,487.62,501.44,515.46,529.67,544.04,558.55,573.19,587.91,602.71,617.55,632.4,647.23,662.02,676.73,691.33,705.79,720.09,734.18,748.04,761.66,775,788.05,800.78,813.2,825.29,837.06,848.52,859.71,870.67,881.49,892.29,903.28,914.77,927.27,941.64,959.35,983,1000,1000,1000,1000,1000
144.41,149.18,154.11,159.21,164.44,169.8,175.31,180.97,186.91,193.05,199.39,205.94,212.69,219.67,226.86,234.26,241.87,249.68,257.71,265.98,274.5,283.25,292.27,301.56,311.11,320.94,331.05,341.43,352.09,363.04,374.28,385.79,397.59,409.67,422.01,434.63,447.52,460.65,474.02,487.62,501.44,515.47,529.67,544.04,558.55,573.19,587.91,602.71,617.55,632.4,647.23,662.02,676.73,691.33,705.8,720.09,734.18,748.04,761.66,775,788.05,800.78,813.2,825.29,837.06,848.52,859.71,870.67,881.49,892.29,903.28,914.77,927.27,941.64,959.35,983,1000,1000,1000,1000,1000,1000
149.18,154.11,159.21,164.44,169.8,175.31,180.98,186.91,193.05,199.39,205.94,212.69,219.67,226.86,234.26,241.87,249.68,257.71,265.98,274.49,283.25,292.27,301.56,311.11,320.94,331.05,341.43,352.09,363.04,374.28,385.79,397.59,409.66,422.01,434.63,447.52,460.65,474.02,487.62,501.44,515.47,529.67,544.04,558.55,573.18,587.91,602.71,617.55,632.4,647.23,662.02,676.73,691.33,705.8,720.09,734.18,748.04,761.66,775,788.05,800.78,813.2,825.29,837.06,848.52,859.71,870.67,881.49,892.29,903.28,914.76,927.27,941.64,959.35,983,1000,1000,1000,1000,1000,1000,1000
154.11,159.21,164.44,169.8,175.31,180.97,186.91,193.05,199.39,205.94,212.69,219.67,226.86,234.26,241.87,249.68,257.71,265.98,274.49,283.25,292.27,301.56,311.11,320.94,331.05,341.43,352.1,363.04,374.28,385.79,397.59,409.66,422.01,434.63,447.52,460.65,474.02,487.62,501.44,515.46,529.67,544.04,558.55,573.19,587.91,602.71,617.55,632.4,647.23,662.02,676.73,691.33,705.79,720.09,734.18,748.04,761.66,775,788.05,800.78,813.2,825.29,837.06,848.52,859.71,870.67,881.49,892.29,903.28,914.76,927.27,941.64,959.35,983,1000,1000,1000,1000,1000,1000,1000,1000
159.21,164.44,169.8,175.31,180.97,186.91,193.05,199.39,205.94,212.69,219.67,226.86,234.26,241.87,249.68,257.71,265.98,274.5,283.25,292.27,301.56,311.11,320.94,331.05,341.43,352.1,363.04,374.28,385.79,397.59,409.67,422.01,434.63,447.52,460.65,474.02,487.62,501.44,515.47,529.67,544.04,558.55,573.19,587.91,602.71,617.55,632.4,647.24,662.02,676.73,691.33,705.79,720.09,734.18,748.04,761.66,775,788.05,800.78,813.2,825.29,837.06,848.52,859.71,870.67,881.49,892.29,903.28,914.77,927.27,941.64,959.35,983,1000,1000,1000,1000,1000,1000,1000,1000,1000
164.44,169.8,175.31,180.98,186.91,193.05,199.39,205.94,212.69,219.67,226.86,234.26,241.87,249.68,257.71,265.98,274.49,283.25,292.27,301.56,311.11,320.94,331.05,341.43,352.1,363.04,374.28,385.79,397.59,409.66,422.02,434.63,447.52,460.65,474.02,487.62,501.44,515.47,529.67,544.04,558.55,573.19,587.91,602.71,617.55,632.4,647.24,662.02,676.73,691.33,705.79,720.09,734.18,748.04,761.66,775,788.05,800.78,813.2,825.29,837.06,848.52,859.71,870.67,881.49,892.29,903.28,914.77,927.27,941.64,959.35,983,1000,1000,1000,1000,1000,1000,1000,1000,1000,1000
169.8,175.31,180.97,186.91,193.05,199.39,205.94,212.69,219.67,226.86,234.26,241.87,249.68,257.71,265.98,274.5,283.25,292.27,301.56,311.11,320.94,331.05,341.43,352.1,363.04,374.28,385.79,397.59,409.66,422.01,434.64,447.52,460.65,474.02,487.62,501.44,515.47,529.67,544.04,558.55,573.19,587.91,602.71,617.55,632.4,647.23,662.02,676.73,691.33,705.8,720.09,734.18,748.04,761.66,775,788.05,800.78,813.2,825.29,837.06,848.52,859.71,870.67,881.49,892.29,903.28,914.77,927.27,941.64,959.35,983,1000,1000,1000,1000,1000,1000,1000,1000,1000,1000,1000
175.31,180.98,186.91,193.05,199.39,205.94,212.69,219.67,226.86,234.26,241.87,249.68,257.71,265.98,274.49,283.25,292.27,301.56,311.11,320.94,331.05,341.43,352.1,363.04,374.28,385.79,397.59,409.66,422.01,434.63,447.52,460.65,474.02,487.62,501.44,515.46,529.67,544.04,558.55,573.19,587.91,602.71,617.55,632.4,647.23,662.02,676.73,691.33,705.8,720.09,734.18,748.04,761.66,775,788.05,800.78,813.2,825.29,837.06,848.52,859.71,870.67,881.49,892.29,903.28,914.77,927.27,941.64,959.35,983,1000,1000,1000,1000,1000,1000,1000,1000,1000,1000,1000,1000
180.98,186.91,193.05,199.39,205.94,212.69,219.67,226.86,234.26,241.87,249.68,257.71,265.98,274.49,283.25,292.27,301.56,311.11,320.94,331.05,341.43,352.1,363.04,374.28,385.79,397.59,409.67,422.01,434.63,447.52,460.65,474.02,487.62,501.44,515.47,529.67,544.04,558.55,573.19,587.91,602.71,617.55,632.4,647.23,662.02,676.73,691.33,705.8,720.09,734.18,748.04,761.66,775,788.05,800.78,813.2,825.29,837.06,848.52,859.71,870.67,881.49,892.29,903.28,914.77,927.27,941.64,959.35,983,1000,1000,1000,1000,1000,1000,1000,1000,1000,1000,1000,1000,1000
186.91,193.05,199.39,205.94,212.69,219.67,226.86,234.26,241.87,249.68,257.71,265.98,274.49,283.25,292.27,301.56,311.11,320.94,331.05,341.43,352.1,363.04,374.28,385.79,397.59,409.67,422.02,434.63,447.52,460.65,474.02,487.62,501.44,515.47,529.67,544.04,558.55,573.19,587.91,602.71,617.55,632.4,647.23,662.02,676.73,691.33,705.8,720.09,734.18,748.04,761.66,775,788.05,800.78,813.2,825.29,837.06,848.52,859.71,870.67,881.49,892.29,903.28,914.76,927.27,941.64,959.35,983,1000,1000,1000,1000,1000,1000,1000,1000,1000,1000,1000,1000,1000,1000
193.05,199.39,205.94,212.69,219.67,226.86,234.26,241.87,249.68,257.71,265.98,274.49,283.25,292.27,301.56,311.11,320.94,331.05,341.43,352.1,363.04,374.28,385.79,397.59,409.67,422.02,434.64,447.52,460.65,474.02,487.62,501.44,515.46,529.67,544.04,558.55,573.19,587.91,602.71,617.55,632.4,647.23,662.02,676.73,691.33,705.79,720.09,734.18,748.04,761.66,775,788.05,800.78,813.2,825.29,837.06,848.52,859.71,870.67,881.49,892.29,903.28,914.76,927.27,941.64,959.35,983,1000,1000,1000,1000,1000,1000,1000,1000,1000,1000,1000,1000,1000,1000,1000
199.39,205.94,212.69,219.67,226.86,234.26,241.87,249.68,257.71,265.98,274.49,283.25,292.27,301.56,311.11,320.94,331.05,341.43,352.1,363.04,374.28,385.79,397.59,409.67,422.02,434.64,447.52,460.65,474.02,487.62,501.44,515.46,529.67,544.04,558.55,573.19,587.91,602.71,617.55,632.4,647.24,662.02,676.73,691.33,705.79,720.08,734.18,748.05,761.66,775,788.05,800.78,813.2,825.29,837.06,848.52,859.71,870.67,881.49,892.29,903.28,914.77,927.27,941.64,959.35,983,1000,1000,1000,1000,1000,1000,1000,1000,1000,1000,1000,1000,1000,1000,1000,1000
205.94,212.69,219.67,226.86,234.26,241.87,249.68,257.71,265.98,274.5,283.25,292.27,301.56,311.11,320.94,331.05,341.43,352.1,363.04,374.28,385.79,397.59,409.67,422.01,434.64,447.52,460.65,474.02,487.62,501.44,515.47,529.67,544.04,558.55,573.19,587.91,602.71,617.55,632.4,647.23,662.02,676.73,691.33,705.79,720.08,734.18,748.05,761.66,775,788.05,800.78,813.2,825.29,837.06,848.52,859.71,870.67,881.49,892.29,903.28,914.77,927.27,941.64,959.35,983,1000,1000,1000,1000,1000,1000,1000,1000,1000,1000,1000,1000,1000,1000,1000,1000,1000
212.69,219.67,226.86,234.26,241.87,249.68,257.71,265.98,274.5,283.25,292.27,301.56,311.11,320.94,331.05,341.43,352.09,363.05,374.28,385.79,397.59,409.67,422.01,434.63,447.52,460.65,474.02,487.62,501.44,515.47,529.67,544.04,558.55,573.19,587.91,602.71,617.55,632.4,647.23,662.02,676.73,691.33,705.8,720.09,734.18,748.04,761.66,775,788.05,800.78,813.2,825.29,837.06,848.52,859.71,870.67,881.49,892.29,903.28,914.76,927.27,941.64,959.35,983,1000,1000,1000,1000,1000,1000,1000,1000,1000,1000,1000,1000,1000,1000,1000,1000,1000,1000
219.67,226.86,234.26,241.87,249.68,257.71,265.98,274.49,283.25,292.27,301.56,311.11,320.94,331.05,341.43,352.1,363.04,374.28,385.79,397.59,409.67,422.01,434.64,447.52,460.65,474.02,487.62,501.44,515.47,529.67,544.04,558.55,573.19,587.91,602.71,617.55,632.4,647.23,662.02,676.73,691.33,705.8,720.09,734.18,748.04,761.66,775,788.05,800.78,813.2,825.29,837.06,848.52,859.71,870.67,881.49,892.29,903.28,914.77,927.27,941.64,959.35,983,1000,1000,1000,1000,1000,1000,1000,1000,1000,1000,1000,1000,1000,1000,1000,1000,1000,1000,1000
226.86,234.26,241.87,249.68,257.71,265.98,274.5,283.25,292.27,301.56,311.11,320.94,331.05,341.43,352.09,363.04,374.28,385.79,397.59,409.66,422.02,434.64,447.52,460.65,474.02,487.62,501.44,515.47,529.67,544.04,558.55,573.19,587.91,602.71,617.55,632.4,647.23,662.02,676.73,691.33,705.8,720.09,734.18,748.04,761.66,775,788.05,800.78,813.2,825.29,837.06,848.52,859.71,870.67,881.49,892.29,903.28,914.76,927.27,941.64,959.35,983,1000,1000,1000,1000,1000,1000,1000,1000,1000,1000,1000,1000,1000,1000,1000,1000,1000,1000,1000,1000
234.26,241.87,249.68,257.71,265.98,274.49,283.25,292.27,301.56,311.11,320.94,331.05,341.43,352.09,363.04,374.28,385.79,397.59,409.67,422.01,434.64,447.52,460.65,474.02,487.62,501.44,515.47,529.67,544.04,558.55,573.19,587.91,602.71,617.55,632.4,647.23,662.02,676.73,691.33,705.8,720.09,734.18,748.04,761.66,775,788.05,800.78,813.2,825.29,837.06,848.52,859.71,870.67,881.49,892.29,903.28,914.77,927.27,941.64,959.35,983,1000,1000,1000,1000,1000,1000,1000,1000,1000,1000,1000,1000,1000,1000,1000,1000,1000,1000,1000,1000,1000
241.87,249.68,257.71,265.98,274.49,283.25,292.27,301.56,311.11,320.94,331.05,341.43,352.09,363.04,374.28,385.79,397.59,409.67,422.02,434.63,447.52,460.65,474.02,487.62,501.44,515.47,529.67,544.04,558.55,573.19,587.91,602.71,617.55,632.4,647.23,662.02,676.73,691.33,705.8,720.09,734.18,748.04,761.66,775,788.05,800.78,813.2,825.29,837.06,848.52,859.71,870.67,881.49,892.29,903.28,914.76,927.27,941.64,959.35,983,1000,1000,1000,1000,1000,1000,1000,1000,1000,1000,1000,1000,1000,1000,1000,1000,1000,1000,1000,1000,1000,1000
249.68,257.71,265.98,274.5,283.25,292.27,301.56,311.11,320.94,331.05,341.43,352.1,363.04,374.28,385.79,397.59,409.66,422.02,434.64,447.52,460.65,474.02,487.62,501.44,515.47,529.67,544.04,558.55,573.19,587.91,602.71,617.55,632.4,647.23,662.02,676.73,691.33,705.79,720.09,734.18,748.04,761.66,775,788.05,800.78,813.2,825.29,837.06,848.52,859.71,870.67,881.49,892.29,903.28,914.77,927.27,941.64,959.35,983,1000,1000,1000,1000,1000,1000,1000,1000,1000,1000,1000,1000,1000,1000,1000,1000,1000,1000,1000,1000,1000,1000,1000
257.71,265.98,274.49,283.25,292.27,301.56,311.11,320.94,331.05,341.43,352.1,363.04,374.28,385.79,397.59,409.67,422.01,434.64,447.52,460.65,474.02,487.62,501.44,515.47,529.67,544.04,558.55,573.19,587.91,602.71,617.55,632.4,647.23,662.02,676.73,691.33,705.8,720.09,734.18,748.04,761.66,775,788.05,800.78,813.2,825.29,837.06,848.52,859.71,870.67,881.49,892.29,903.28,914.76,927.27,941.64,959.35,983,1000,1000,1000,1000,1000,1000,1000,1000,1000,1000,1000,1000,1000,1000,1000,1000,1000,1000,1000,1000,1000,1000,1000,1000
265.98,274.5,283.25,292.27,301.56,311.11,320.94,331.05,341.43,352.1,363.04,374.28,385.79,397.59,409.66,422.01,434.63,447.52,460.65,474.02,487.62,501.44,515.47,529.67,544.04,558.55,573.19,587.91,602.71,617.55,632.4,647.23,662.02,676.73,691.33,705.79,720.09,734.18,748.04,761.66,775,788.05,800.78,813.2,825.29,837.06,848.52,859.71,870.67,881.49,892.29,903.28,914.77,927.27,941.64,959.35,983,1000,1000,1000,1000,1000,1000,1000,1000,1000,1000,1000,1000,1000,1000,1000,1000,1000,1000,1000,1000,1000,1000,1000,1000,1000
274.49,283.25,292.27,301.56,311.11,320.94,331.05,341.43,352.1,363.04,374.28,385.79,397.59,409.66,422.01,434.63,447.52,460.65,474.02,487.62,501.44,515.47,529.67,544.04,558.55,573.19,587.91,602.71,617.55,632.4,647.23,662.02,676.73,691.33,705.79,720.09,734.18,748.04,761.66,775,788.05,800.78,813.2,825.29,837.06,848.52,859.71,870.67,881.49,892.29,903.28,914.76,927.27,941.64,959.35,983,1000,1000,1000,1000,1000,1000,1000,1000,1000,1000,1000,1000,1000,1000,1000,1000,1000,1000,1000,1000,1000,1000,1000,1000,1000,1000
283.25,292.27,301.56,311.11,320.94,331.05,341.43,352.09,363.04,374.28,385.79,397.59,409.66,422.01,434.63,447.52,460.65,474.02,487.62,501.44,515.47,529.67,544.04,558.55,573.19,587.91,602.71,617.55,632.4,647.23,662.02,676.73,691.33,705.8,720.09,734.18,748.04,761.66,775,788.05,800.78,813.2,825.29,837.06,848.52,859.71,870.67,881.49,892.29,903.28,914.77,927.27,941.64,959.35,983,1000,1000,1000,1000,1000,1000,1000,1000,1000,1000,1000,1000,1000,1000,1000,1000,1000,1000,1000,1000,1000,1000,1000,1000,1000,1000,1000
292.27,301.56,311.11,320.94,331.05,341.43,352.1,363.04,374.28,385.79,397.59,409.67,422.01,434.63,447.52,460.65,474.02,487.62,501.44,515.47,529.67,544.04,558.55,573.19,587.91,602.71,617.55,632.4,647.23,662.02,676.73,691.33,705.8,720.09,734.18,748.04,761.66,775,788.05,800.78,813.2,825.29,837.06,848.52,859.71,870.67,881.49,892.29,903.28,914.77,927.27,941.64,959.35,983,1000,1000,1000,1000,1000,1000,1000,1000,1000,1000,1000,1000,1000,1000,1000,1000,1000,1000,1000,1000,1000,1000,1000,1000,1000,1000,1000,1000
301.56,311.11,320.94,331.05,341.43,352.1,363.05,374.28,385.79,397.59,409.67,422.02,434.63,447.52,460.65,474.02,487.62,501.44,515.47,529.67,544.04,558.55,573.19,587.91,602.71,617.55,632.4,647.23,662.02,676.73,691.33,705.79,720.09,734.18,748.04,761.66,775,788.05,800.78,813.2,825.29,837.06,848.52,859.71,870.67,881.49,892.29,903.28,914.76,927.27,941.64,959.35,983,1000,1000,1000,1000,1000,1000,1000,1000,1000,1000,1000,1000,1000,1000,1000,1000,1000,1000,1000,1000,1000,1000,1000,1000,1000,1000,1000,1000,1000
311.11,320.94,331.05,341.43,352.1,363.04,374.28,385.79,397.59,409.67,422.01,434.64,447.52,460.65,474.02,487.62,501.44,515.47,529.67,544.04,558.55,573.19,587.91,602.71,617.55,632.4,647.23,662.02,676.73,691.33,705.8,720.09,734.18,748.04,761.66,775,788.05,800.78,813.2,825.29,837.06,848.52,859.71,870.67,881.49,892.29,903.28,914.76,927.27,941.64,959.35,983,1000,1000,1000,1000,1000,1000,1000,1000,1000,1000,1000,1000,1000,1000,1000,1000,1000,1000,1000,1000,1000,1000,1000,1000,1000,1000,1000,1000,1000,1000
320.94,331.05,341.43,352.1,363.04,374.28,385.79,397.59,409.67,422.02,434.63,447.52,460.65,474.02,487.62,501.44,515.47,529.67,544.04,558.55,573.19,587.91,602.71,617.55,632.4,647.23,662.02,676.73,691.33,705.79,720.09,734.18,748.04,761.66,775,788.05,800.78,813.2,825.29,837.06,848.52,859.71,870.67,881.49,892.29,903.28,914.76,927.27,941.64,959.35,983,1000,1000,1000,1000,1000,1000,1000,1000,1000,1000,1000,1000,1000,1000,1000,1000,1000,1000,1000,1000,1000,1000,1000,1000,1000,1000,1000,1000,1000,1000,1000
331.05,341.43,352.09,363.04,374.28,385.79,397.59,409.66,422.02,434.64,447.52,460.65,474.02,487.62,501.44,515.47,529.67,544.04,558.55,573.19,587.91,602.71,617.55,632.4,647.23,662.02,676.73,691.33,705.79,720.09,734.18,748.04,761.66,775,788.05,800.78,813.2,825.29,837.06,848.52,859.71,870.67,881.49,892.29,903.28,914.77,927.27,941.64,959.35,983,1000,1000,1000,1000,1000,1000,1000,1000,1000,1000,1000,1000,1000,1000,1000,1000,1000,1000,1000,1000,1000,1000,1000,1000,1000,1000,1000,1000,1000,1000,1000,1000
341.43,352.1,363.04,374.28,385.79,397.59,409.67,422.01,434.64,447.52,460.65,474.02,487.62,501.44,515.47,529.67,544.04,558.55,573.19,587.91,602.71,617.55,632.4,647.23,662.02,676.73,691.33,705.8,720.09,734.18,748.04,761.66,775,788.05,800.78,813.2,825.29,837.06,848.52,859.71,870.67,881.49,892.29,903.28,914.76,927.27,941.64,959.35,983,1000,1000,1000,1000,1000,1000,1000,1000,1000,1000,1000,1000,1000,1000,1000,1000,1000,1000,1000,1000,1000,1000,1000,1000,1000,1000,1000,1000,1000,1000,1000,1000,1000
352.1,363.05,374.28,385.79,397.59,409.66,422.02,434.63,447.52,460.65,474.02,487.62,501.44,515.47,529.67,544.04,558.55,573.19,587.91,602.71,617.55,632.4,647.23,662.02,676.73,691.33,705.79,720.09,734.18,748.04,761.66,775,788.05,800.78,813.2,825.29,837.06,848.52,859.71,870.67,881.49,892.29,903.28,914.77,927.27,941.64,959.35,983,1000,1000,1000,1000,1000,1000,1000,1000,1000,1000,1000,1000,1000,1000,1000,1000,1000,1000,1000,1000,1000,1000,1000,1000,1000,1000,1000,1000,1000,1000,1000,1000,1000,1000
363.04,374.28,385.79,397.59,409.67,422.01,434.64,447.52,460.65,474.02,487.62,501.44,515.46,529.67,544.04,558.55,573.19,587.91,602.71,617.55,632.4,647.23,662.02,676.73,691.33,705.8,720.09,734.18,748.04,761.66,775,788.05,800.78,813.2,825.29,837.06,848.52,859.71,870.67,881.49,892.29,903.28,914.77,927.27,941.64,959.35,983,1000,1000,1000,1000,1000,1000,1000,1000,1000,1000,1000,1000,1000,1000,1000,1000,1000,1000,1000,1000,1000,1000,1000,1000,1000,1000,1000,1000,1000,1000,1000,1000,1000,1000,1000
374.28,385.79,397.59,409.67,422.02,434.63,447.52,460.65,474.02,487.62,501.44,515.47,529.67,544.04,558.55,573.19,587.91,602.71,617.55,632.4,647.24,662.02,676.73,691.33,705.8,720.09,734.18,748.04,761.66,775,788.05,800.78,813.2,825.29,837.06,848.52,859.71,870.67,881.49,892.29,903.28,914.77,927.27,941.64,959.35,983,1000,1000,1000,1000,1000,1000,1000,1000,1000,1000,1000,1000,1000,1000,1000,1000,1000,1000,1000,1000,1000,1000,1000,1000,1000,1000,1000,1000,1000,1000,1000,1000,1000,1000,1000,1000
385.79,397.59,409.66,422.01,434.64,447.52,460.65,474.02,487.62,501.44,515.47,529.67,544.04,558.55,573.19,587.91,602.71,617.55,632.4,647.23,662.02,676.73,691.33,705.8,720.09,734.18,748.04,761.66,775,788.05,800.78,813.2,825.29,837.06,848.52,859.71,870.67,881.49,892.29,903.28,914.77,927.27,941.64,959.35,983,1000,1000,1000,1000,1000,1000,1000,1000,1000,1000,1000,1000,1000,1000,1000,1000,1000,1000,1000,1000,1000,1000,1000,1000,1000,1000,1000,1000,1000,1000,1000,1000,1000,1000,1000,1000,1000
397.59,409.67,422.01,434.64,447.52,460.65,474.02,487.62,501.44,515.47,529.67,544.04,558.55,573.19,587.91,602.71,617.55,632.4,647.23,662.02,676.73,691.33,705.8,720.09,734.18,748.05,761.66,775,788.05,800.78,813.2,825.29,837.06,848.52,859.71,870.67,881.49,892.29,903.28,914.77,927.27,941.64,959.35,983,1000,1000,1000,1000,1000,1000,1000,1000,1000,1000,1000,1000,1000,1000,1000,1000,1000,1000,1000,1000,1000,1000,1000,1000,1000,1000,1000,1000,1000,1000,1000,1000,1000,1000,1000,1000,1000,1000
409.67,422.02,434.63,447.52,460.65,474.02,487.62,501.44,515.47,529.67,544.04,558.55,573.19,587.91,602.71,617.55,632.4,647.23,662.02,676.73,691.33,705.8,720.09,734.18,748.04,761.66,775,788.05,800.78,813.2,825.29,837.06,848.52,859.71,870.67,881.49,892.29,903.28,914.76,927.27,941.64,959.35,983,1000,1000,1000,1000,1000,1000,1000,1000,1000,1000,1000,1000,1000,1000,1000,1000,1000,1000,1000,1000,1000,1000,1000,1000,1000,1000,1000,1000,1000,1000,1000,1000,1000,1000,1000,1000,1000,1000,1000
422.01,434.64,447.52,460.65,474.02,487.62,501.44,515.46,529.67,544.04,558.55,573.19,587.91,602.71,617.55,632.4,647.23,662.02,676.73,691.33,705.8,720.09,734.18,748.04,761.66,775,788.05,800.78,813.2,825.29,837.06,848.52,859.71,870.67,881.49,892.29,903.28,914.77,927.27,941.64,959.35,983,1000,1000,1000,1000,1000,1000,1000,1000,1000,1000,1000,1000,1000,1000,1000,1000,1000,1000,1000,1000,1000,1000,1000,1000,1000,1000,1000,1000,1000,1000,1000,1000,1000,1000,1000,1000,1000,1000,1000,1000
434.64,447.52,460.65,474.02,487.62,501.44,515.47,529.67,544.04,558.55,573.19,587.91,602.71,617.55,632.4,647.23,662.02,676.73,691.33,705.79,720.09,734.18,748.04,761.66,775,788.05,800.78,813.2,825.29,837.06,848.52,859.71,870.67,881.49,892.29,903.28,914.76,927.27,941.64,959.35,983,1000,1000,1000,1000,1000,1000,1000,1000,1000,1000,1000,1000,1000,1000,1000,1000,1000,1000,1000,1000,1000,1000,1000,1000,1000,1000,1000,1000,1000,1000,1000,1000,1000,1000,1000,1000,1000,1000,1000,1000,1000
447.52,460.65,474.02,487.62,501.44,515.46,529.67,544.04,558.55,573.19,587.91,602.71,617.55,632.4,647.23,662.02,676.73,691.33,705.8,720.09,734.18,748.04,761.66,775,788.05,800.78,813.2,825.29,837.06,848.52,859.71,870.67,881.49,892.29,903.28,914.77,927.27,941.64,959.35,983,1000,1000,1000,1000,1000,1000,1000,1000,1000,1000,1000,1000,1000,1000,1000,1000,1000,1000,1000,1000,1000,1000,1000,1000,1000,1000,1000,1000,1000,1000,1000,1000,1000,1000,1000,1000,1000,1000,1000,1000,1000,1000
460.65,474.02,487.62,501.44,515.47,529.67,544.04,558.55,573.19,587.91,602.71,617.55,632.4,647.23,662.02,676.73,691.33,705.8,720.09,734.18,748.04,761.66,775,788.05,800.78,813.2,825.29,837.06,848.52,859.71,870.67,881.49,892.29,903.28,914.76,927.27,941.64,959.35,983,1000,1000,1000,1000,1000,1000,1000,1000,1000,1000,1000,1000,1000,1000,1000,1000,1000,1000,1000,1000,1000,1000,1000,1000,1000,1000,1000,1000,1000,1000,1000,1000,1000,1000,1000,1000,1000,1000,1000,1000,1000,1000,1000
474.02,487.62,501.44,515.47,529.67,544.04,558.55,573.19,587.91,602.71,617.55,632.4,647.23,662.02,676.73,691.33,705.79,720.09,734.18,748.04,761.66,775,788.05,800.78,813.2,825.29,837.06,848.52,859.71,870.67,881.49,892.29,903.28,914.77,927.27,941.64,959.35,983,1000,1000,1000,1000,1000,1000,1000,1000,1000,1000,1000,1000,1000,1000,1000,1000,1000,1000,1000,1000,1000,1000,1000,1000,1000,1000,1000,1000,1000,1000,1000,1000,1000,1000,1000,1000,1000,1000,1000,1000,1000,1000,1000,1000
487.62,501.44,515.46,529.67,544.04,558.55,573.19,587.91,602.71,617.55,632.4,647.23,662.02,676.73,691.33,705.8,720.09,734.18,748.04,761.66,775,788.05,800.78,813.2,825.29,837.06,848.52,859.71,870.67,881.49,892.29,903.28,914.77,927.27,941.64,959.35,983,1000,1000,1000,1000,1000,1000,1000,1000,1000,1000,1000,1000,1000,1000,1000,1000,1000,1000,1000,1000,1000,1000,1000,1000,1000,1000,1000,1000,1000,1000,1000,1000,1000,1000,1000,1000,1000,1000,1000,1000,1000,1000,1000,1000,1000
501.44,515.47,529.67,544.04,558.55,573.19,587.91,602.71,617.55,632.4,647.23,662.02,676.73,691.33,705.79,720.09,734.18,748.04,761.66,775,788.05,800.78,813.2,825.29,837.06,848.52,859.71,870.67,881.49,892.29,903.28,914.77,927.27,941.64,959.35,983,1000,1000,1000,1000,1000,1000,1000,1000,1000,1000,1000,1000,1000,1000,1000,1000,1000,1000,1000,1000,1000,1000,1000,1000,1000,1000,1000,1000,1000,1000,1000,1000,1000,1000,1000,1000,1000,1000,1000,1000,1000,1000,1000,1000,1000,1000
515.47,529.67,544.04,558.55,573.19,587.91,602.71,617.55,632.4,647.23,662.02,676.73,691.33,705.79,720.09,734.18,748.04,761.66,775,788.05,800.78,813.2,825.29,837.06,848.52,859.71,870.67,881.49,892.29,903.28,914.77,927.27,941.64,959.35,983,1000,1000,1000,1000,1000,1000,1000,1000,1000,1000,1000,1000,1000,1000,1000,1000,1000,1000,1000,1000,1000,1000,1000,1000,1000,1000,1000,1000,1000,1000,1000,1000,1000,1000,1000,1000,1000,1000,1000,1000,1000,1000,1000,1000,1000,1000,1000
529.67,544.04,558.55,573.19,587.91,602.71,617.55,632.4,647.23,662.02,676.73,691.33,705.8,720.09,734.18,748.05,761.66,775,788.05,800.78,813.2,825.29,837.06,848.52,859.71,870.67,881.49,892.29,903.28,914.76,927.27,941.64,959.35,983,1000,1000,1000,1000,1000,1000,1000,1000,1000,1000,1000,1000,1000,1000,1000,1000,1000,1000,1000,1000,1000,1000,1000,1000,1000,1000,1000,1000,1000,1000,1000,1000,1000,1000,1000,1000,1000,1000,1000,1000,1000,1000,1000,1000,1000,1000,1000,1000
544.04,558.55,573.19,587.91,602.71,617.55,632.4,647.23,662.02,676.73,691.33,705.8,720.09,734.18,748.04,761.66,775,788.05,800.78,813.2,825.29,837.06,848.52,859.71,870.67,881.49,892.29,903.28,914.77,927.27,941.64,959.35,983,1000,1000,1000,1000,1000,1000,1000,1000,1000,1000,1000,1000,1000,1000,1000,1000,1000,1000,1000,1000,1000,1000,1000,1000,1000,1000,1000,1000,1000,1000,1000,1000,1000,1000,1000,1000,1000,1000,1000,1000,1000,1000,1000,1000,1000,1000,1000,1000,1000
558.55,573.19,587.91,602.71,617.55,632.4,647.23,662.02,676.73,691.33,705.79,720.09,734.18,748.04,761.66,775,788.05,800.78,813.2,825.29,837.06,848.52,859.71,870.67,881.49,892.29,903.28,914.77,927.27,941.64,959.35,983,1000,1000,1000,1000,1000,1000,1000,1000,1000,1000,1000,1000,1000,1000,1000,1000,1000,1000,1000,1000,1000,1000,1000,1000,1000,1000,1000,1000,1000,1000,1000,1000,1000,1000,1000,1000,1000,1000,1000,1000,1000,1000,1000,1000,1000,1000,1000,1000,1000,1000
573.19,587.91,602.71,617.55,632.4,647.23,662.02,676.73,691.33,705.8,720.09,734.18,748.05,761.66,775,788.05,800.78,813.2,825.29,837.06,848.52,859.71,870.67,881.49,892.29,903.28,914.77,927.27,941.64,959.35,983,1000,1000,1000,1000,1000,1000,1000,1000,1000,1000,1000,1000,1000,1000,1000,1000,1000,1000,1000,1000,1000,1000,1000,1000,1000,1000,1000,1000,1000,1000,1000,1000,1000,1000,1000,1000,1000,1000,1000,1000,1000,1000,1000,1000,1000,1000,1000,1000,1000,1000,1000
587.91,602.71,617.55,632.4,647.23,662.02,676.73,691.33,705.8,720.09,734.18,748.04,761.66,775,788.05,800.78,813.2,825.29,837.06,848.52,859.71,870.67,881.49,892.29,903.28,914.77,927.27,941.64,959.35,983,1000,1000,1000,1000,1000,1000,1000,1000,1000,1000,1000,1000,1000,1000,1000,1000,1000,1000,1000,1000,1000,1000,1000,1000,1000,1000,1000,1000,1000,1000,1000,1000,1000,1000,1000,1000,1000,1000,1000,1000,1000,1000,1000,1000,1000,1000,1000,1000,1000,1000,1000,1000
602.71,617.55,632.4,647.23,662.02,676.73,691.33,705.79,720.09,734.18,748.04,761.66,775,788.05,800.78,813.2,825.29,837.06,848.52,859.71,870.67,881.49,892.29,903.28,914.77,927.27,941.64,959.35,983,1000,1000,1000,1000,1000,1000,1000,1000,1000,1000,1000,1000,1000,1000,1000,1000,1000,1000,1000,1000,1000,1000,1000,1000,1000,1000,1000,1000,1000,1000,1000,1000,1000,1000,1000,1000,1000,1000,1000,1000,1000,1000,1000,1000,1000,1000,1000,1000,1000,1000,1000,1000,1000
617.55,632.4,647.23,662.02,676.73,691.33,705.8,720.09,734.18,748.04,761.66,775,788.05,800.78,813.2,825.29,837.06,848.52,859.71,870.67,881.49,892.29,903.28,914.77,927.27,941.64,959.35,983,1000,1000,1000,1000,1000,1000,1000,1000,1000,1000,1000,1000,1000,1000,1000,1000,1000,1000,1000,1000,1000,1000,1000,1000,1000,1000,1000,1000,1000,1000,1000,1000,1000,1000,1000,1000,1000,1000,1000,1000,1000,1000,1000,1000,1000,1000,1000,1000,1000,1000,1000,1000,1000,1000
632.4,647.23,662.02,676.73,691.33,705.79,720.09,734.18,748.04,761.66,775,788.05,800.78,813.2,825.29,837.06,848.52,859.71,870.67,881.49,892.29,903.28,914.76,927.27,941.64,959.35,983,1000,1000,1000,1000,1000,1000,1000,1000,1000,1000,1000,1000,1000,1000,1000,1000,1000,1000,1000,1000,1000,1000,1000,1000,1000,1000,1000,1000,1000,1000,1000,1000,1000,1000,1000,1000,1000,1000,1000,1000,1000,1000,1000,1000,1000,1000,1000,1000,1000,1000,1000,1000,1000,1000,1000
647.23,662.02,676.73,691.33,705.79,720.09,734.18,748.04,761.66,775,788.05,800.78,813.2,825.29,837.06,848.52,859.71,870.67,881.49,892.29,903.28,914.77,927.27,941.64,959.35,983,1000,1000,1000,1000,1000,1000,1000,1000,1000,1000,1000,1000,1000,1000,1000,1000,1000,1000,1000,1000,1000,1000,1000,1000,1000,1000,1000,1000,1000,1000,1000,1000,1000,1000,1000,1000,1000,1000,1000,1000,1000,1000,1000,1000,1000,1000,1000,1000,1000,1000,1000,1000,1000,1000,1000,1000
662.02,676.73,691.33,705.79,720.09,734.18,748.04,761.66,775,788.05,800.78,813.2,825.29,837.06,848.52,859.71,870.67,881.49,892.29,903.28,914.77,927.27,941.64,959.35,983,1000,1000,1000,1000,1000,1000,1000,1000,1000,1000,1000,1000,1000,1000,1000,1000,1000,1000,1000,1000,1000,1000,1000,1000,1000,1000,1000,1000,1000,1000,1000,1000,1000,1000,1000,1000,1000,1000,1000,1000,1000,1000,1000,1000,1000,1000,1000,1000,1000,1000,1000,1000,1000,1000,1000,1000,1000
676.73,691.33,705.79,720.09,734.18,748.04,761.66,775,788.05,800.78,813.2,825.29,837.06,848.52,859.71,870.67,881.49,892.29,903.28,914.77,927.27,941.64,959.35,983,1000,1000,1000,1000,1000,1000,1000,1000,1000,1000,1000,1000,1000,1000,1000,1000,1000,1000,1000,1000,1000,1000,1000,1000,1000,1000,1000,1000,1000,1000,1000,1000,1000,1000,1000,1000,1000,1000,1000,1000,1000,1000,1000,1000,1000,1000,1000,1000,1000,1000,1000,1000,1000,1000,1000,1000,1000,1000
691.33,705.8,720.09,734.18,748.04,761.66,775,788.05,800.78,813.2,825.29,837.06,848.52,859.71,870.67,881.49,892.29,903.28,914.77,927.27,941.64,959.35,983,1000,1000,1000,1000,1000,1000,1000,1000,1000,1000,1000,1000,1000,1000,1000,1000,1000,1000,1000,1000,1000,1000,1000,1000,1000,1000,1000,1000,1000,1000,1000,1000,1000,1000,1000,1000,1000,1000,1000,1000,1000,1000,1000,1000,1000,1000,1000,1000,1000,1000,1000,1000,1000,1000,1000,1000,1000,1000,1000
705.8,720.09,734.18,748.04,761.66,775,788.05,800.78,813.2,825.29,837.06,848.52,859.71,870.67,881.49,892.29,903.28,914.77,927.27,941.64,959.35,983,1000,1000,1000,1000,1000,1000,1000,1000,1000,1000,1000,1000,1000,1000,1000,1000,1000,1000,1000,1000,1000,1000,1000,1000,1000,1000,1000,1000,1000,1000,1000,1000,1000,1000,1000,1000,1000,1000,1000,1000,1000,1000,1000,1000,1000,1000,1000,1000,1000,1000,1000,1000,1000,1000,1000,1000,1000,1000,1000,1000
720.09,734.18,748.04,761.66,775,788.05,800.78,813.2,825.29,837.06,848.52,859.71,870.67,881.49,892.29,903.28,914.77,927.27,941.64,959.35,983,1000,1000,1000,1000,1000,1000,1000,1000,1000,1000,1000,1000,1000,1000,1000,1000,1000,1000,1000,1000,1000,1000,1000,1000,1000,1000,1000,1000,1000,1000,1000,1000,1000,1000,1000,1000,1000,1000,1000,1000,1000,1000,1000,1000,1000,1000,1000,1000,1000,1000,1000,1000,1000,1000,1000,1000,1000,1000,1000,1000,1000
734.18,748.04,761.66,775,788.05,800.78,813.2,825.29,837.06,848.52,859.71,870.67,881.49,892.29,903.28,914.77,927.27,941.64,959.35,983,1000,1000,1000,1000,1000,1000,1000,1000,1000,1000,1000,1000,1000,1000,1000,1000,1000,1000,1000,1000,1000,1000,1000,1000,1000,1000,1000,1000,1000,1000,1000,1000,1000,1000,1000,1000,1000,1000,1000,1000,1000,1000,1000,1000,1000,1000,1000,1000,1000,1000,1000,1000,1000,1000,1000,1000,1000,1000,1000,1000,1000,1000
748.04,761.66,775,788.05,800.78,813.2,825.29,837.06,848.52,859.71,870.67,881.49,892.29,903.28,914.77,927.27,941.64,959.35,983,1000,1000,1000,1000,1000,1000,1000,1000,1000,1000,1000,1000,1000,1000,1000,1000,1000,1000,1000,1000,1000,1000,1000,1000,1000,1000,1000,1000,1000,1000,1000,1000,1000,1000,1000,1000,1000,1000,1000,1000,1000,1000,1000,1000,1000,1000,1000,1000,1000,1000,1000,1000,1000,1000,1000,1000,1000,1000,1000,1000,1000,1000,1000
761.66,775,788.05,800.78,813.2,825.29,837.06,848.52,859.71,870.67,881.49,892.29,903.28,914.76,927.27,941.64,959.35,983,1000,1000,1000,1000,1000,1000,1000,1000,1000,1000,1000,1000,1000,1000,1000,1000,1000,1000,1000,1000,1000,1000,1000,1000,1000,1000,1000,1000,1000,1000,1000,1000,1000,1000,1000,1000,1000,1000,1000,1000,1000,1000,1000,1000,1000,1000,1000,1000,1000,1000,1000,1000,1000,1000,1000,1000,1000,1000,1000,1000,1000,1000,1000,1000
775,788.05,800.78,813.2,825.29,837.06,848.52,859.71,870.67,881.49,892.29,903.28,914.77,927.27,941.64,959.35,983,1000,1000,1000,1000,1000,1000,1000,1000,1000,1000,1000,1000,1000,1000,1000,1000,1000,1000,1000,1000,1000,1000,1000,1000,1000,1000,1000,1000,1000,1000,1000,1000,1000,1000,1000,1000,1000,1000,1000,1000,1000,1000,1000,1000,1000,1000,1000,1000,1000,1000,1000,1000,1000,1000,1000,1000,1000,1000,1000,1000,1000,1000,1000,1000,1000
788.05,800.78,813.2,825.29,837.06,848.52,859.71,870.67,881.49,892.29,903.28,914.77,927.27,941.64,959.35,983,1000,1000,1000,1000,1000,1000,1000,1000,1000,1000,1000,1000,1000,1000,1000,1000,1000,1000,1000,1000,1000,1000,1000,1000,1000,1000,1000,1000,1000,1000,1000,1000,1000,1000,1000,1000,1000,1000,1000,1000,1000,1000,1000,1000,1000,1000,1000,1000,1000,1000,1000,1000,1000,1000,1000,1000,1000,1000,1000,1000,1000,1000,1000,1000,1000,1000
800.78,813.2,825.29,837.06,848.52,859.71,870.67,881.49,892.29,903.28,914.77,927.27,941.64,959.35,983,1000,1000,1000,1000,1000,1000,1000,1000,1000,1000,1000,1000,1000,1000,1000,1000,1000,1000,1000,1000,1000,1000,1000,1000,1000,1000,1000,1000,1000,1000,1000,1000,1000,1000,1000,1000,1000,1000,1000,1000,1000,1000,1000,1000,1000,1000,1000,1000,1000,1000,1000,1000,1000,1000,1000,1000,1000,1000,1000,1000,1000,1000,1000,1000,1000,1000,1000
813.2,825.29,837.06,848.52,859.71,870.67,881.49,892.29,903.28,914.76,927.27,941.64,959.35,983,1000,1000,1000,1000,1000,1000,1000,1000,1000,1000,1000,1000,1000,1000,1000,1000,1000,1000,1000,1000,1000,1000,1000,1000,1000,1000,1000,1000,1000,1000,1000,1000,1000,1000,1000,1000,1000,1000,1000,1000,1000,1000,1000,1000,1000,1000,1000,1000,1000,1000,1000,1000,1000,1000,1000,1000,1000,1000,1000,1000,1000,1000,1000,1000,1000,1000,1000,1000
825.29,837.06,848.52,859.71,870.67,881.49,892.29,903.28,914.77,927.27,941.64,959.35,983,1000,1000,1000,1000,1000,1000,1000,1000,1000,1000,1000,1000,1000,1000,1000,1000,1000,1000,1000,1000,1000,1000,1000,1000,1000,1000,1000,1000,1000,1000,1000,1000,1000,1000,1000,1000,1000,1000,1000,1000,1000,1000,1000,1000,1000,1000,1000,1000,1000,1000,1000,1000,1000,1000,1000,1000,1000,1000,1000,1000,1000,1000,1000,1000,1000,1000,1000,1000,1000
837.06,848.52,859.71,870.67,881.49,892.29,903.28,914.77,927.27,941.64,959.35,983,1000,1000,1000,1000,1000,1000,1000,1000,1000,1000,1000,1000,1000,1000,1000,1000,1000,1000,1000,1000,1000,1000,1000,1000,1000,1000,1000,1000,1000,1000,1000,1000,1000,1000,1000,1000,1000,1000,1000,1000,1000,1000,1000,1000,1000,1000,1000,1000,1000,1000,1000,1000,1000,1000,1000,1000,1000,1000,1000,1000,1000,1000,1000,1000,1000,1000,1000,1000,1000,1000
848.52,859.71,870.67,881.49,892.29,903.28,914.77,927.27,941.64,959.35,983,1000,1000,1000,1000,1000,1000,1000,1000,1000,1000,1000,1000,1000,1000,1000,1000,1000,1000,1000,1000,1000,1000,1000,1000,1000,1000,1000,1000,1000,1000,1000,1000,1000,1000,1000,1000,1000,1000,1000,1000,1000,1000,1000,1000,1000,1000,1000,1000,1000,1000,1000,1000,1000,1000,1000,1000,1000,1000,1000,1000,1000,1000,1000,1000,1000,1000,1000,1000,1000,1000,1000
859.71,870.67,881.49,892.29,903.28,914.77,927.27,941.64,959.35,983,1000,1000,1000,1000,1000,1000,1000,1000,1000,1000,1000,1000,1000,1000,1000,1000,1000,1000,1000,1000,1000,1000,1000,1000,1000,1000,1000,1000,1000,1000,1000,1000,1000,1000,1000,1000,1000,1000,1000,1000,1000,1000,1000,1000,1000,1000,1000,1000,1000,1000,1000,1000,1000,1000,1000,1000,1000,1000,1000,1000,1000,1000,1000,1000,1000,1000,1000,1000,1000,1000,1000,1000
870.67,881.49,892.29,903.28,914.77,927.27,941.64,959.35,983,1000,1000,1000,1000,1000,1000,1000,1000,1000,1000,1000,1000,1000,1000,1000,1000,1000,1000,1000,1000,1000,1000,1000,1000,1000,1000,1000,1000,1000,1000,1000,1000,1000,1000,1000,1000,1000,1000,1000,1000,1000,1000,1000,1000,1000,1000,1000,1000,1000,1000,1000,1000,1000,1000,1000,1000,1000,1000,1000,1000,1000,1000,1000,1000,1000,1000,1000,1000,1000,1000,1000,1000,1000
