0.45,0.47,0.5,0.52,0.54,0.56,0.57,0.59,0.61,0.64,0.66,0.68,0.7,0.72,0.74,0.75,0.77,0.79,0.81,0.83,0.86,0.89,0.92,0.95,0.98,1.01,1.05,1.08,1.11,1.15,1.19,1.22,1.26,1.3,1.34,1.38,1.43,1.47,1.52,1.57,1.62,1.67,1.72,1.77,1.83,1.88,1.94,2,2.05,2.11,2.18,2.24,2.3,2.37,2.43,2.5,2.57,2.64,2.71,2.78,2.85,2.92,2.99,3.07,3.14,3.21,3.29,3.36,3.44,3.52,3.6,3.67,3.75,3.82,3.9,3.97,4.05,4.12,4.2,4.27,4.35,4.23,4.2
1.48,1.56,1.62,1.68,1.75,1.81,1.87,1.93,2,2.07,2.14,2.2,2.27,2.33,2.39,2.44,2.5,2.57,2.64,2.71,2.8,2.9,2.99,3.1,3.2,3.3,3.4,3.51,3.62,3.73,3.85,3.97,4.09,4.22,4.36,4.5,4.64,4.79,4.94,5.1,5.26,5.42,5.59,5.76,5.93,6.11,6.29,6.48,6.67,6.86,7.06,7.26,7.46,7.67,7.88,8.1,8.31,8.53,8.75,8.98,9.2,9.43,9.66,9.88,10.11,10.34,10.57,10.8,11.03,11.26,11.49,11.71,11.92,12.14,12.35,12.55,12.76,12.96,13.16,13.36,13.56,13.35,13.27
3.14,3.28,3.41,3.54,3.67,3.8,3.93,4.06,4.2,4.34,4.48,4.61,4.74,4.87,4.99,5.11,5.24,5.38,5.53,5.7,5.89,6.08,6.29,6.5,6.71,6.92,7.14,7.36,7.59,7.83,8.07,8.32,8.58,8.85,9.14,9.43,9.73,10.04,10.36,10.69,11.02,11.36,11.71,12.06,12.42,12.8,13.18,13.56,13.96,14.36,14.77,15.19,15.62,16.05,16.48,16.93,17.37,17.83,18.28,18.74,19.2,19.66,20.12,20.58,21.04,21.5,21.96,22.42,22.87,23.32,23.75,24.17,24.58,24.98,25.37,25.75,26.12,26.49,26.84,27.19,27.53,27.23,27.08
5.07,5.28,5.49,5.69,5.89,6.09,6.3,6.51,6.73,6.95,7.16,7.37,7.58,7.78,7.98,8.18,8.39,8.62,8.88,9.16,9.46,9.77,10.09,10.41,10.75,11.09,11.43,11.79,12.16,12.54,12.93,13.33,13.75,14.19,14.64,15.11,15.6,16.09,16.6,17.12,17.65,18.19,18.74,19.31,19.89,20.48,21.09,21.7,22.33,22.97,23.63,24.29,24.97,25.65,26.34,27.04,27.75,28.46,29.18,29.9,30.62,31.34,32.06,32.78,33.49,34.19,34.9,35.59,36.27,36.94,37.58,38.2,38.8,39.39,39.95,40.49,41.01,41.52,42,42.47,42.92,42.58,42.36
7.98,8.3,8.6,8.91,9.22,9.54,9.86,10.2,10.53,10.86,11.19,11.51,11.83,12.14,12.46,12.79,13.13,13.51,13.92,14.36,14.82,15.3,15.79,16.3,16.82,17.34,17.88,18.44,19.02,19.61,20.22,20.85,21.52,22.2,22.91,23.65,24.4,25.17,25.96,26.76,27.59,28.43,29.3,30.18,31.09,32.01,32.95,33.91,34.89,35.89,36.9,37.94,38.98,40.04,41.12,42.2,43.29,44.39,45.49,46.6,47.7,48.8,49.9,50.99,52.07,53.13,54.19,55.22,56.23,57.21,58.15,59.06,59.93,60.77,61.57,62.33,63.06,63.75,64.4,65.03,65.62,65.24,64.95
11.62,12.06,12.5,12.93,13.38,13.84,14.3,14.78,15.25,15.72,16.19,16.64,17.1,17.56,18.03,18.52,19.04,19.61,20.21,20.84,21.51,22.2,22.9,23.63,24.37,25.14,25.92,26.72,27.55,28.41,29.31,30.23,31.19,32.19,33.22,34.28,35.36,36.47,37.61,38.77,39.97,41.19,42.43,43.71,45.01,46.35,47.7,49.09,50.5,51.94,53.4,54.89,56.39,57.91,59.45,61.01,62.57,64.14,65.71,67.29,68.86,70.43,71.98,73.52,75.04,76.54,78.01,79.44,80.83,82.18,83.48,84.72,85.9,87.04,88.11,89.13,90.08,90.98,91.83,92.61,93.35,93.02,92.7
16.03,16.61,17.2,17.8,18.41,19.03,19.66,20.3,20.93,21.57,22.19,22.82,23.45,24.09,24.76,25.46,26.19,26.98,27.82,28.69,29.59,30.53,31.49,32.48,33.49,34.54,35.61,36.71,37.86,39.05,40.28,41.55,42.88,44.25,45.66,47.1,48.59,50.11,51.66,53.25,54.89,56.56,58.27,60.01,61.8,63.62,65.48,67.38,69.31,71.27,73.27,75.29,77.35,79.42,81.52,83.63,85.76,87.89,90.02,92.16,94.28,96.39,98.48,100.55,102.59,104.59,106.55,108.45,110.3,112.09,113.8,115.43,116.99,118.47,119.87,121.19,122.43,123.58,124.65,125.65,126.56,126.43,126.21
20.39,21.12,21.85,22.6,23.36,24.14,24.92,25.72,26.5,27.29,28.08,28.87,29.69,30.52,31.4,32.31,33.26,34.28,35.33,36.43,37.57,38.74,39.95,41.2,42.48,43.8,45.16,46.56,48.02,49.53,51.11,52.73,54.41,56.14,57.91,59.74,61.61,63.53,65.5,67.51,69.58,71.69,73.85,76.06,78.31,80.62,82.97,85.36,87.8,90.28,92.8,95.35,97.94,100.55,103.19,105.84,108.51,111.19,113.87,116.54,119.19,121.83,124.45,127.03,129.57,132.05,134.48,136.85,139.14,141.35,143.47,145.51,147.45,149.29,151.04,152.68,154.22,155.67,157.01,158.25,159.4,159.76,159.93
26.33,27.24,28.17,29.12,30.09,31.08,32.07,33.07,34.06,35.07,36.08,37.12,38.18,39.28,40.44,41.64,42.88,44.19,45.55,46.95,48.41,49.91,51.46,53.06,54.7,56.4,58.15,59.97,61.85,63.81,65.83,67.92,70.08,72.3,74.58,76.92,79.32,81.78,84.31,86.89,89.54,92.25,95.03,97.86,100.76,103.72,106.73,109.8,112.93,116.11,119.33,122.61,125.92,129.26,132.64,136.03,139.44,142.86,146.28,149.68,153.07,156.44,159.77,163.06,166.3,169.47,172.57,175.59,178.53,181.37,184.11,186.75,189.27,191.69,194,196.19,198.26,200.23,202.08,203.82,205.47,206.86,208
33.15,34.27,35.42,36.6,37.8,39.01,40.24,41.47,42.7,43.96,45.24,46.56,47.93,49.35,50.83,52.36,53.93,55.58,57.28,59.03,60.86,62.73,64.66,66.66,68.72,70.85,73.06,75.35,77.73,80.19,82.73,85.36,88.05,90.83,93.68,96.61,99.62,102.7,105.86,109.1,112.42,115.82,119.3,122.85,126.48,130.18,133.96,137.8,141.72,145.69,149.73,153.82,157.96,162.15,166.37,170.61,174.87,179.14,183.41,187.68,191.92,196.14,200.31,204.44,208.5,212.5,216.42,220.26,224.01,227.66,231.21,234.65,237.99,241.22,244.35,247.37,250.28,253.1,255.83,258.48,261.06,264.51,267.78
42.27,43.69,45.14,46.62,48.12,49.63,51.15,52.69,54.24,55.83,57.46,59.15,60.9,62.72,64.62,66.59,68.59,70.69,72.85,75.1,77.41,79.8,82.26,84.8,87.43,90.15,92.98,95.92,98.95,102.09,105.33,108.66,112.09,115.62,119.23,122.95,126.76,130.67,134.67,138.77,142.97,147.27,151.66,156.15,160.73,165.41,170.17,175.01,179.94,184.94,190.01,195.14,200.33,205.56,210.83,216.12,221.42,226.72,232.02,237.29,242.53,247.72,252.85,257.91,262.88,267.76,272.53,277.19,281.73,286.14,290.42,294.57,298.58,302.46,306.2,309.81,313.3,316.67,319.93,323.11,326.23,330.26,334.1
51.95,53.68,55.44,57.23,59.02,60.83,62.66,64.52,66.41,68.36,70.37,72.45,74.63,76.88,79.22,81.64,84.1,86.68,89.35,92.1,94.94,97.87,100.89,104.01,107.25,110.62,114.1,117.72,121.46,125.31,129.28,133.36,137.55,141.86,146.29,150.83,155.48,160.25,165.14,170.14,175.26,180.49,185.84,191.31,196.87,202.55,208.33,214.2,220.17,226.22,232.35,238.54,244.79,251.09,257.41,263.75,270.1,276.43,282.74,289.01,295.22,301.36,307.41,313.37,319.21,324.92,330.5,335.94,341.22,346.35,351.32,356.12,360.75,365.23,369.54,373.7,377.72,381.61,385.39,389.08,392.74,397.31,401.71
62.22,64.26,66.33,68.42,70.52,72.64,74.79,76.99,79.25,81.59,84.01,86.53,89.15,91.86,94.66,97.55,100.51,103.6,106.79,110.08,113.48,116.98,120.6,124.35,128.26,132.3,136.49,140.82,145.29,149.9,154.63,159.5,164.49,169.63,174.89,180.29,185.83,191.5,197.31,203.25,209.33,215.53,221.87,228.34,234.94,241.65,248.48,255.41,262.44,269.56,276.76,284.03,291.35,298.71,306.09,313.47,320.85,328.19,335.49,342.73,349.88,356.93,363.87,370.68,377.34,383.85,390.18,396.34,402.32,408.11,413.7,419.11,424.32,429.34,434.19,438.86,443.38,447.76,452.05,456.27,460.52,465.62,470.66
73.08,75.44,77.81,80.2,82.61,85.07,87.57,90.15,92.8,95.57,98.43,101.41,104.49,107.68,110.96,114.36,117.85,121.48,125.22,129.08,133.06,137.18,141.45,145.88,150.49,155.25,160.18,165.27,170.51,175.89,181.43,187.12,192.96,198.95,205.1,211.4,217.85,224.46,231.22,238.14,245.21,252.43,259.79,267.3,274.95,282.72,290.62,298.63,306.74,314.94,323.23,331.57,339.96,348.37,356.8,365.21,373.59,381.92,390.17,398.34,406.39,414.31,422.08,429.68,437.11,444.35,451.38,458.21,464.82,471.21,477.38,483.34,489.07,494.6,499.94,505.09,510.09,514.97,519.78,524.59,529.53,535.26,541.13
84.54,87.2,89.88,92.59,95.34,98.15,101.03,104.02,107.11,110.33,113.66,117.12,120.69,124.37,128.17,132.1,136.16,140.35,144.68,149.14,153.75,158.54,163.51,168.67,174.01,179.53,185.23,191.1,197.14,203.34,209.72,216.27,222.99,229.88,236.94,244.18,251.59,259.18,266.93,274.85,282.95,291.21,299.62,308.19,316.92,325.77,334.76,343.86,353.06,362.35,371.71,381.12,390.57,400.02,409.46,418.87,428.22,437.49,446.65,455.69,464.58,473.31,481.85,490.19,498.32,506.23,513.9,521.32,528.5,535.44,542.12,548.57,554.78,560.78,566.56,572.18,577.66,583.05,588.45,593.98,599.86,606.44,614.3
96.59,99.56,102.56,105.6,108.71,111.91,115.22,118.65,122.21,125.9,129.73,133.69,137.76,141.98,146.33,150.82,155.47,160.26,165.2,170.31,175.61,181.12,186.83,192.75,198.87,205.18,211.68,218.37,225.24,232.31,239.56,247,254.63,262.46,270.48,278.69,287.09,295.68,304.45,313.42,322.57,331.89,341.39,351.04,360.86,370.81,380.89,391.08,401.37,411.74,422.17,432.63,443.1,453.56,463.98,474.33,484.6,494.75,504.76,514.61,524.28,533.74,542.98,551.99,560.74,569.24,577.46,585.42,593.1,600.51,607.65,614.53,621.17,627.58,633.8,639.86,645.84,651.82,657.95,664.46,671.75,680.45,691.75
109.24,112.53,115.87,119.28,122.79,126.42,130.18,134.09,138.14,142.34,146.68,151.16,155.78,160.56,165.48,170.58,175.84,181.26,186.87,192.69,198.73,205,211.49,218.2,225.13,232.26,239.6,247.14,254.89,262.85,271.02,279.39,287.98,296.77,305.78,315,324.42,334.05,343.89,353.93,364.16,374.58,385.17,395.94,406.86,417.92,429.11,440.4,451.77,463.21,474.69,486.18,497.65,509.09,520.45,531.71,542.85,553.84,564.65,575.25,585.63,595.77,605.65,615.26,624.58,633.61,642.33,650.76,658.89,666.72,674.28,681.56,688.59,695.42,702.07,708.63,715.19,721.92,729.06,737.05,746.61,759,776.57
122.5,126.14,129.85,133.67,137.62,141.72,145.97,150.39,154.96,159.68,164.55,169.58,174.78,180.14,185.7,191.42,197.32,203.42,209.76,216.34,223.16,230.23,237.54,245.08,252.84,260.83,269.04,277.48,286.14,295.03,304.15,313.49,323.07,332.88,342.91,353.17,363.65,374.36,385.29,396.42,407.77,419.3,431.02,442.91,454.95,467.13,479.42,491.8,504.26,516.75,529.26,541.75,554.2,566.57,578.83,590.95,602.91,614.68,626.22,637.53,648.56,659.32,669.78,679.92,689.75,699.25,708.42,717.27,725.8,734.02,741.95,749.61,757.04,764.28,771.42,778.56,785.88,793.67,802.36,812.76,826.26,845.38,1000
136.41,140.42,144.55,148.82,153.25,157.85,162.63,167.57,172.68,177.94,183.39,189.01,194.81,200.81,207,213.38,219.98,226.83,233.95,241.32,248.97,256.87,265.03,273.42,282.06,290.94,300.06,309.43,319.04,328.9,339.01,349.37,359.97,370.82,381.92,393.25,404.83,416.65,428.69,440.96,453.43,466.11,478.96,491.98,505.15,518.44,531.83,545.3,558.81,572.34,585.85,599.31,612.68,625.94,639.05,651.99,664.71,677.19,689.42,701.35,712.98,724.29,735.27,745.89,756.17,766.09,775.65,784.88,793.77,802.34,810.62,818.66,826.49,834.21,841.93,849.85,858.27,867.67,878.92,893.51,914.19,1000,1000
150.99,155.43,160.02,164.79,169.73,174.87,180.18,185.67,191.34,197.19,203.24,209.47,215.93,222.58,229.44,236.54,243.91,251.55,259.49,267.71,276.2,284.98,294,303.29,312.84,322.65,332.72,343.06,353.66,364.53,375.66,387.07,398.73,410.66,422.85,435.31,448.01,460.96,474.15,487.56,501.19,515.01,529.01,543.17,557.46,571.86,586.34,600.87,615.41,629.94,644.41,658.8,673.06,687.15,701.06,714.74,728.17,741.31,754.14,766.65,778.81,790.61,802.03,813.08,823.75,834.04,843.95,853.51,862.73,871.64,880.28,888.7,897,905.31,913.82,922.87,932.98,945.07,960.76,983,1000,1000,1000
155.43,160.02,164.79,169.73,174.87,180.18,185.67,191.34,197.19,203.24,209.47,215.93,222.58,229.44,236.54,243.91,251.56,259.49,267.71,276.2,284.98,294,303.29,312.84,322.65,332.72,343.06,353.66,364.53,375.66,387.07,398.73,410.66,422.85,435.31,448.01,460.96,474.15,487.56,501.19,515.01,529.01,543.17,557.46,571.86,586.34,600.87,615.42,629.94,644.41,658.8,673.06,687.16,701.06,714.74,728.17,741.31,754.14,766.65,778.81,790.61,802.03,813.08,823.75,834.04,843.95,853.51,862.73,871.64,880.28,888.7,897,905.31,913.82,922.87,932.98,945.07,960.76,983,1000,1000,1000,1000
160.02,164.79,169.73,174.87,180.18,185.67,191.34,197.19,203.24,209.47,215.93,222.58,229.44,236.54,243.91,251.56,259.49,267.71,276.2,284.98,294,303.29,312.84,322.65,332.72,343.06,353.66,364.53,375.66,387.07,398.73,410.66,422.85,435.31,448.01,460.96,474.15,487.56,501.19,515.01,529.01,543.17,557.46,571.86,586.34,600.87,615.42,629.94,644.41,658.8,673.06,687.16,701.06,714.74,728.17,741.31,754.14,766.65,778.81,790.61,802.03,813.08,823.75,834.04,843.95,853.51,862.73,871.64,880.28,888.7,897,905.31,913.82,922.87,932.98,945.07,960.76,983,1000,1000,1000,1000,1000
164.79,169.73,174.87,180.18,185.67,191.34,197.19,203.24,209.47,215.93,222.58,229.44,236.54,243.91,251.56,259.49,267.71,276.2,284.98,294,303.29,312.84,322.65,332.72,343.06,353.66,364.53,375.66,387.07,398.73,410.66,422.85,435.31,448.01,460.96,474.15,487.56,501.19,515.01,529.01,543.17,557.46,571.86,586.34,600.87,615.42,629.94,644.41,658.8,673.06,687.15,701.06,714.74,728.17,741.31,754.14,766.65,778.81,790.61,802.03,813.08,823.75,834.04,843.95,853.51,862.73,871.64,880.28,888.7,897,905.31,913.82,922.87,932.98,945.07,960.76,983,1000,1000,1000,1000,1000,1000
169.73,174.87,180.18,185.67,191.34,197.19,203.24,209.47,215.93,222.58,229.44,236.54,243.91,251.56,259.49,267.71,276.2,284.98,294,303.29,312.84,322.65,332.72,343.06,353.66,364.53,375.66,387.07,398.73,410.66,422.85,435.31,448.01,460.96,474.15,487.56,501.19,515.01,529.01,543.17,557.46,571.86,586.34,600.87,615.41,629.94,644.41,658.8,673.06,687.15,701.06,714.74,728.17,741.31,754.14,766.65,778.81,790.61,802.03,813.08,823.75,834.04,843.95,853.51,862.73,871.64,880.28,888.7,897,905.31,913.82,922.87,932.98,945.07,960.76,983,1000,1000,1000,1000,1000,1000,1000
174.87,180.18,185.67,191.34,197.19,203.24,209.47,215.93,222.58,229.44,236.54,243.91,251.56,259.49,267.71,276.2,284.98,294,303.29,312.84,322.65,332.72,343.06,353.66,364.53,375.66,387.07,398.73,410.66,422.85,435.31,448.01,460.96,474.14,487.56,501.19,515.01,529.01,543.17,557.46,571.86,586.34,600.87,615.41,629.94,644.41,658.8,673.06,687.15,701.06,714.74,728.17,741.31,754.15,766.65,778.81,790.61,802.03,813.08,823.75,834.04,843.95,853.51,862.73,871.64,880.28,888.7,897,905.31,913.82,922.87,932.98,945.07,960.76,983,1000,1000,1000,1000,1000,1000,1000,1000
180.18,185.67,191.34,197.19,203.24,209.47,215.93,222.58,229.44,236.54,243.91,251.56,259.49,267.71,276.2,284.98,294,303.29,312.84,322.65,332.72,343.06,353.66,364.53,375.66,387.07,398.73,410.66,422.85,435.31,448.01,460.96,474.15,487.56,501.19,515.01,529.01,543.17,557.46,571.86,586.34,600.87,615.41,629.94,644.41,658.8,673.06,687.15,701.06,714.74,728.17,741.31,754.14,766.65,778.81,790.61,802.03,813.08,823.75,834.04,843.95,853.51,862.73,871.64,880.28,888.7,897,905.31,913.82,922.87,932.98,945.07,960.76,983,1000,1000,1000,1000,1000,1000,1000,1000,1000
185.67,191.34,197.19,203.24,209.47,215.93,222.58,229.44,236.54,243.91,251.56,259.49,267.71,276.2,284.98,294,303.29,312.84,322.65,332.72,343.06,353.66,364.53,375.66,387.07,398.73,410.66,422.85,435.31,448.01,460.96,474.15,487.56,501.19,515.01,529.01,543.17,557.46,571.86,586.34,600.87,615.41,629.94,644.41,658.8,673.06,687.15,701.06,714.74,728.17,741.31,754.14,766.65,778.81,790.61,802.03,813.08,823.75,834.04,843.95,853.51,862.73,871.64,880.28,888.7,897,905.31,913.82,922.87,932.98,945.07,960.76,983,1000,1000,1000,1000,1000,1000,1000,1000,1000,1000
191.34,197.19,203.24,209.47,215.93,222.58,229.44,236.54,243.91,251.56,259.49,267.71,276.2,284.98,294,303.29,312.84,322.65,332.72,343.06,353.66,364.53,375.66,387.07,398.73,410.66,422.85,435.31,448.01,460.96,474.15,487.56,501.19,515.01,529.01,543.17,557.46,571.86,586.34,600.87,615.41,629.94,644.41,658.8,673.06,687.15,701.06,714.74,728.17,741.31,754.14,766.65,778.81,790.61,802.03,813.08,823.75,834.04,843.95,853.51,862.73,871.64,880.28,888.7,897,905.31,913.82,922.87,932.98,945.07,960.76,983,1000,1000,1000,1000,1000,1000,1000,1000,1000,1000,1000
197.19,203.24,209.47,215.93,222.58,229.44,236.54,243.91,251.56,259.49,267.71,276.2,284.98,294,303.29,312.84,322.65,332.72,343.06,353.66,364.53,375.66,387.07,398.73,410.66,422.85,435.31,448.01,460.96,474.15,487.56,501.19,515.01,529.01,543.17,557.46,571.86,586.34,600.87,615.42,629.94,644.41,658.8,673.06,687.15,701.06,714.74,728.17,741.31,754.14,766.65,778.81,790.61,802.03,813.08,823.75,834.04,843.95,853.51,862.73,871.64,880.28,888.7,897,905.31,913.82,922.87,932.98,945.07,960.76,983,1000,1000,1000,1000,1000,1000,1000,1000,1000,1000,1000,1000
203.24,209.47,215.93,222.58,229.44,236.54,243.91,251.56,259.49,267.71,276.2,284.98,294,303.29,312.84,322.65,332.72,343.06,353.66,364.53,375.66,387.07,398.73,410.66,422.85,435.31,448.01,460.96,474.15,487.56,501.19,515.01,529.01,543.17,557.46,571.86,586.34,600.87,615.41,629.94,644.41,658.8,673.06,687.15,701.06,714.74,728.17,741.31,754.14,766.65,778.81,790.61,802.03,813.08,823.75,834.04,843.95,853.51,862.73,871.64,880.28,888.7,897,905.31,913.82,922.87,932.98,945.07,960.76,983,1000,1000,1000,1000,1000,1000,1000,1000,1000,1000,1000,1000,1000
209.47,215.93,222.58,229.44,236.54,243.91,251.56,259.49,267.71,276.2,284.98,294,303.29,312.84,322.65,332.72,343.06,353.66,364.53,375.66,387.07,398.73,410.66,422.85,435.31,448.01,460.96,474.15,487.56,501.19,515.01,529.01,543.17,557.46,571.86,586.35,600.87,615.41,629.94,644.41,658.8,673.06,687.15,701.06,714.74,728.17,741.31,754.14,766.65,778.81,790.61,802.03,813.08,823.75,834.04,843.95,853.51,862.73,871.64,880.28,888.7,897,905.31,913.82,922.87,932.98,945.07,960.76,983,1000,1000,1000,1000,1000,1000,1000,1000,1000,1000,1000,1000,1000,1000
215.93,222.58,229.44,236.54,243.91,251.56,259.49,267.71,276.2,284.98,294,303.29,312.84,322.65,332.72,343.06,353.66,364.53,375.66,387.07,398.73,410.66,422.85,435.31,448.01,460.96,474.15,487.56,501.19,515.01,529.01,543.17,557.46,571.86,586.35,600.87,615.42,629.94,644.41,658.8,673.06,687.15,701.06,714.74,728.17,741.31,754.14,766.65,778.81,790.61,802.03,813.08,823.75,834.04,843.95,853.51,862.73,871.64,880.28,888.7,897,905.31,913.82,922.87,932.98,945.07,960.76,983,1000,1000,1000,1000,1000,1000,1000,1000,1000,1000,1000,1000,1000,1000,1000
222.58,229.44,236.54,243.91,251.56,259.49,267.71,276.2,284.98,294,303.29,312.84,322.65,332.72,343.06,353.66,364.53,375.66,387.07,398.73,410.66,422.85,435.31,448.01,460.96,474.15,487.56,501.19,515.01,529.01,543.17,557.46,571.86,586.34,600.87,615.42,629.94,644.41,658.8,673.06,687.15,701.06,714.74,728.17,741.31,754.14,766.65,778.81,790.61,802.03,813.08,823.75,834.04,843.95,853.51,862.73,871.64,880.28,888.7,897,905.31,913.82,922.87,932.98,945.07,960.76,983,1000,1000,1000,1000,1000,1000,1000,1000,1000,1000,1000,1000,1000,1000,1000,1000
229.44,236.54,243.91,251.56,259.49,267.71,276.2,284.98,294,303.29,312.84,322.65,332.72,343.06,353.66,364.53,375.66,387.07,398.73,410.66,422.85,435.31,448.01,460.96,474.15,487.56,501.19,515.01,529.01,543.17,557.46,571.86,586.34,600.87,615.42,629.94,644.41,658.8,673.06,687.15,701.06,714.74,728.17,741.31,754.14,766.65,778.81,790.61,802.03,813.08,823.75,834.04,843.95,853.51,862.73,871.64,880.28,888.7,897,905.31,913.82,922.87,932.98,945.07,960.76,983,1000,1000,1000,1000,1000,1000,1000,1000,1000,1000,1000,1000,1000,1000,1000,1000,1000
236.54,243.91,251.56,259.49,267.71,276.2,284.98,294,303.29,312.84,322.65,332.72,343.06,353.66,364.53,375.66,387.07,398.73,410.66,422.85,435.31,448.01,460.96,474.15,487.56,501.19,515.01,529.01,543.17,557.46,571.86,586.34,600.87,615.41,629.94,644.41,658.8,673.06,687.15,701.06,714.74,728.17,741.31,754.14,766.65,778.81,790.61,802.03,813.08,823.75,834.04,843.95,853.51,862.73,871.64,880.28,888.7,897,905.31,913.82,922.87,932.98,945.07,960.76,983,1000,1000,1000,1000,1000,1000,1000,1000,1000,1000,1000,1000,1000,1000,1000,1000,1000,1000
243.91,251.56,259.49,267.71,276.2,284.98,294,303.29,312.84,322.65,332.72,343.06,353.66,364.53,375.66,387.07,398.73,410.66,422.85,435.31,448.01,460.96,474.15,487.56,501.19,515.01,529.01,543.17,557.46,571.86,586.34,600.87,615.42,629.94,644.41,658.8,673.06,687.15,701.06,714.74,728.17,741.31,754.15,766.65,778.81,790.61,802.03,813.08,823.75,834.04,843.95,853.51,862.73,871.64,880.28,888.7,897,905.31,913.82,922.87,932.98,945.08,960.76,983,1000,1000,1000,1000,1000,1000,1000,1000,1000,1000,1000,1000,1000,1000,1000,1000,1000,1000,1000
251.56,259.49,267.71,276.2,284.98,294,303.29,312.84,322.65,332.72,343.06,353.66,364.53,375.66,387.07,398.73,410.66,422.85,435.31,448.01,460.96,474.15,487.56,501.19,515.01,529.01,543.17,557.46,571.86,586.34,600.87,615.41,629.94,644.41,658.8,673.06,687.16,701.06,714.74,728.17,741.31,754.14,766.65,778.81,790.61,802.03,813.08,823.75,834.04,843.95,853.51,862.73,871.64,880.28,888.7,897,905.31,913.82,922.87,932.98,945.08,960.76,983,1000,1000,1000,1000,1000,1000,1000,1000,1000,1000,1000,1000,1000,1000,1000,1000,1000,1000,1000,1000
259.49,267.71,276.2,284.98,294,303.29,312.84,322.65,332.72,343.06,353.66,364.53,375.66,387.07,398.73,410.66,422.85,435.31,448.01,460.96,474.15,487.56,501.19,515.01,529.01,543.17,557.46,571.86,586.34,600.87,615.42,629.94,644.41,658.8,673.06,687.16,701.06,714.74,728.17,741.31,754.14,766.65,778.81,790.61,802.03,813.08,823.75,834.04,843.95,853.51,862.73,871.64,880.28,888.7,897,905.31,913.82,922.87,932.98,945.07,960.76,983,1000,1000,1000,1000,1000,1000,1000,1000,1000,1000,1000,1000,1000,1000,1000,1000,1000,1000,1000,1000,1000
267.71,276.2,284.98,294,303.29,312.84,322.65,332.72,343.06,353.66,364.53,375.66,387.07,398.73,410.66,422.85,435.31,448.01,460.96,474.15,487.56,501.19,515.01,529.01,543.17,557.46,571.86,586.34,600.87,615.41,629.94,644.41,658.8,673.05,687.15,701.06,714.74,728.17,741.31,754.14,766.65,778.81,790.61,802.03,813.08,823.75,834.04,843.95,853.51,862.73,871.64,880.28,888.7,897,905.31,913.82,922.87,932.98,945.07,960.76,983,1000,1000,1000,1000,1000,1000,1000,1000,1000,1000,1000,1000,1000,1000,1000,1000,1000,1000,1000,1000,1000,1000
276.2,284.98,294,303.29,312.84,322.65,332.72,343.06,353.66,364.53,375.66,387.07,398.73,410.66,422.85,435.31,448.01,460.96,474.15,487.56,501.19,515.01,529.01,543.17,557.46,571.86,586.34,600.87,615.41,629.94,644.41,658.8,673.06,687.15,701.06,714.74,728.17,741.31,754.14,766.65,778.81,790.61,802.03,813.08,823.75,834.04,843.95,853.51,862.73,871.64,880.28,888.7,897,905.31,913.82,922.87,932.98,945.07,960.76,983,1000,1000,1000,1000,1000,1000,1000,1000,1000,1000,1000,1000,1000,1000,1000,1000,1000,1000,1000,1000,1000,1000,1000
284.98,294,303.29,312.84,322.65,332.72,343.06,353.66,364.53,375.66,387.07,398.73,410.66,422.85,435.31,448.01,460.96,474.15,487.56,501.19,515.01,529.01,543.17,557.46,571.86,586.34,600.87,615.41,629.94,644.41,658.8,673.06,687.15,701.06,714.74,728.17,741.31,754.14,766.65,778.81,790.61,802.03,813.08,823.75,834.04,843.95,853.51,862.73,871.64,880.28,888.7,897,905.31,913.82,922.87,932.98,945.07,960.76,983,1000,1000,1000,1000,1000,1000,1000,1000,1000,1000,1000,1000,1000,1000,1000,1000,1000,1000,1000,1000,1000,1000,1000,1000
294,303.29,312.84,322.65,332.72,343.06,353.66,364.53,375.66,387.07,398.73,410.66,422.85,435.31,448.01,460.96,474.15,487.56,501.19,515.01,529.01,543.17,557.46,571.86,586.35,600.87,615.41,629.94,644.41,658.8,673.06,687.15,701.06,714.74,728.17,741.31,754.14,766.65,778.81,790.61,802.03,813.08,823.75,834.04,843.95,853.51,862.73,871.64,880.28,888.7,897,905.31,913.82,922.87,932.98,945.07,960.76,983,1000,1000,1000,1000,1000,1000,1000,1000,1000,1000,1000,1000,1000,1000,1000,1000,1000,1000,1000,1000,1000,1000,1000,1000,1000
303.29,312.84,322.65,332.72,343.06,353.66,364.53,375.66,387.07,398.73,410.66,422.85,435.31,448.01,460.96,474.15,487.56,501.19,515.01,529.01,543.17,557.46,571.86,586.34,600.87,615.42,629.94,644.41,658.8,673.06,687.15,701.06,714.74,728.17,741.31,754.15,766.65,778.81,790.61,802.03,813.08,823.75,834.04,843.95,853.51,862.73,871.64,880.28,888.7,897,905.31,913.82,922.87,932.98,945.07,960.76,983,1000,1000,1000,1000,1000,1000,1000,1000,1000,1000,1000,1000,1000,1000,1000,1000,1000,1000,1000,1000,1000,1000,1000,1000,1000,1000
312.84,322.65,332.72,343.06,353.66,364.53,375.66,387.07,398.73,410.66,422.85,435.31,448.01,460.96,474.15,487.56,501.19,515.01,529.01,543.17,557.46,571.86,586.34,600.87,615.42,629.94,644.41,658.8,673.06,687.15,701.06,714.74,728.17,741.31,754.14,766.65,778.81,790.61,802.03,813.08,823.75,834.04,843.95,853.51,862.73,871.64,880.28,888.7,897,905.31,913.82,922.87,932.98,945.07,960.76,983,1000,1000,1000,1000,1000,1000,1000,1000,1000,1000,1000,1000,1000,1000,1000,1000,1000,1000,1000,1000,1000,1000,1000,1000,1000,1000,1000
322.65,332.72,343.06,353.66,364.53,375.66,387.07,398.73,410.66,422.85,435.31,448.01,460.96,474.15,487.56,501.19,515.01,529.01,543.17,557.46,571.87,586.34,600.87,615.41,629.94,644.41,658.8,673.06,687.15,701.06,714.74,728.17,741.31,754.14,766.65,778.81,790.61,802.03,813.08,823.75,834.04,843.95,853.51,862.73,871.64,880.28,888.7,897,905.31,913.82,922.87,932.98,945.07,960.76,983,1000,1000,1000,1000,1000,1000,1000,1000,1000,1000,1000,1000,1000,1000,1000,1000,1000,1000,1000,1000,1000,1000,1000,1000,1000,1000,1000,1000
332.72,343.06,353.66,364.53,375.66,387.07,398.73,410.66,422.85,435.31,448.01,460.96,474.15,487.56,501.19,515.01,529.01,543.17,557.46,571.86,586.35,600.87,615.42,629.94,644.41,658.8,673.06,687.15,701.06,714.74,728.17,741.31,754.14,766.65,778.81,790.61,802.03,813.08,823.75,834.04,843.96,853.51,862.73,871.64,880.28,888.7,897,905.31,913.82,922.87,932.98,945.07,960.76,983,1000,1000,1000,1000,1000,1000,1000,1000,1000,1000,1000,1000,1000,1000,1000,1000,1000,1000,1000,1000,1000,1000,1000,1000,1000,1000,1000,1000,1000
343.06,353.66,364.53,375.66,387.07,398.73,410.66,422.85,435.31,448.01,460.96,474.15,487.56,501.19,515.01,529.01,543.17,557.46,571.86,586.34,600.87,615.42,629.94,644.41,658.8,673.06,687.15,701.06,714.74,728.17,741.31,754.14,766.65,778.81,790.61,802.03,813.08,823.75,834.04,843.95,853.51,862.73,871.64,880.28,888.7,897,905.31,913.82,922.87,932.98,945.07,960.76,983,1000,1000,1000,1000,1000,1000,1000,1000,1000,1000,1000,1000,1000,1000,1000,1000,1000,1000,1000,1000,1000,1000,1000,1000,1000,1000,1000,1000,1000,1000
353.66,364.53,375.66,387.07,398.73,410.66,422.85,435.31,448.01,460.96,474.15,487.56,501.19,515.01,529.01,543.17,557.46,571.86,586.34,600.87,615.42,629.94,644.41,658.8,673.06,687.15,701.06,714.74,728.17,741.31,754.14,766.65,778.81,790.61,802.03,813.08,823.75,834.04,843.95,853.51,862.73,871.64,880.28,888.7,897,905.31,913.82,922.87,932.98,945.08,960.76,983,1000,1000,1000,1000,1000,1000,1000,1000,1000,1000,1000,1000,1000,1000,1000,1000,1000,1000,1000,1000,1000,1000,1000,1000,1000,1000,1000,1000,1000,1000,1000
364.53,375.66,387.07,398.73,410.66,422.85,435.31,448.01,460.96,474.15,487.56,501.19,515.01,529.01,543.17,557.46,571.86,586.34,600.87,615.41,629.94,644.41,658.8,673.06,687.15,701.06,714.74,728.17,741.31,754.14,766.65,778.81,790.61,802.03,813.08,823.75,834.04,843.95,853.51,862.73,871.64,880.28,888.7,897,905.31,913.82,922.87,932.98,945.07,960.76,983,1000,1000,1000,1000,1000,1000,1000,1000,1000,1000,1000,1000,1000,1000,1000,1000,1000,1000,1000,1000,1000,1000,1000,1000,1000,1000,1000,1000,1000,1000,1000,1000
375.66,387.07,398.73,410.66,422.85,435.31,448.01,460.96,474.15,487.56,501.19,515.01,529.01,543.17,557.46,571.86,586.34,600.87,615.42,629.94,644.42,658.8,673.06,687.15,701.06,714.74,728.17,741.31,754.14,766.65,778.81,790.61,802.03,813.08,823.75,834.04,843.95,853.51,862.73,871.64,880.28,888.7,897,905.31,913.82,922.87,932.98,945.07,960.76,983,1000,1000,1000,1000,1000,1000,1000,1000,1000,1000,1000,1000,1000,1000,1000,1000,1000,1000,1000,1000,1000,1000,1000,1000,1000,1000,1000,1000,1000,1000,1000,1000,1000
387.07,398.73,410.66,422.85,435.31,448.01,460.96,474.15,487.56,501.19,515.01,529.01,543.17,557.46,571.86,586.34,600.87,615.41,629.94,644.41,658.8,673.06,687.15,701.06,714.74,728.17,741.31,754.14,766.65,778.81,790.61,802.03,813.08,823.75,834.04,843.95,853.51,862.73,871.64,880.28,888.7,897,905.31,913.82,922.87,932.98,945.07,960.76,983,1000,1000,1000,1000,1000,1000,1000,1000,1000,1000,1000,1000,1000,1000,1000,1000,1000,1000,1000,1000,1000,1000,1000,1000,1000,1000,1000,1000,1000,1000,1000,1000,1000,1000
398.73,410.66,422.85,435.31,448.01,460.96,474.15,487.56,501.19,515.01,529.01,543.17,557.46,571.86,586.34,600.87,615.41,629.94,644.41,658.8,673.06,687.15,701.06,714.74,728.17,741.31,754.14,766.65,778.81,790.61,802.03,813.08,823.75,834.04,843.95,853.51,862.73,871.64,880.28,888.7,897,905.31,913.82,922.87,932.98,945.07,960.76,983,1000,1000,1000,1000,1000,1000,1000,1000,1000,1000,1000,1000,1000,1000,1000,1000,1000,1000,1000,1000,1000,1000,1000,1000,1000,1000,1000,1000,1000,1000,1000,1000,1000,1000,1000
410.66,422.85,435.31,448.01,460.96,474.15,487.56,501.19,515.01,529.01,543.17,557.46,571.86,586.34,600.87,615.42,629.94,644.41,658.8,673.06,687.16,701.06,714.74,728.17,741.31,754.14,766.65,778.81,790.61,802.03,813.08,823.75,834.04,843.95,853.51,862.73,871.64,880.28,888.7,897,905.31,913.82,922.87,932.98,945.07,960.76,983,1000,1000,1000,1000,1000,1000,1000,1000,1000,1000,1000,1000,1000,1000,1000,1000,1000,1000,1000,1000,1000,1000,1000,1000,1000,1000,1000,1000,1000,1000,1000,1000,1000,1000,1000,1000
422.85,435.31,448.01,460.96,474.15,487.56,501.19,515.01,529.01,543.17,557.46,571.86,586.34,600.87,615.41,629.94,644.41,658.8,673.06,687.15,701.06,714.74,728.17,741.31,754.14,766.65,778.81,790.61,802.03,813.08,823.75,834.04,843.95,853.51,862.73,871.64,880.28,888.7,897,905.31,913.82,922.87,932.98,945.07,960.76,983,1000,1000,1000,1000,1000,1000,1000,1000,1000,1000,1000,1000,1000,1000,1000,1000,1000,1000,1000,1000,1000,1000,1000,1000,1000,1000,1000,1000,1000,1000,1000,1000,1000,1000,1000,1000,1000
435.31,448.01,460.96,474.15,487.56,501.19,515.01,529.01,543.17,557.46,571.86,586.34,600.87,615.42,629.94,644.41,658.8,673.06,687.15,701.06,714.74,728.17,741.31,754.14,766.65,778.81,790.61,802.03,813.08,823.75,834.04,843.95,853.51,862.73,871.64,880.28,888.7,897,905.31,913.82,922.87,932.98,945.07,960.76,983,1000,1000,1000,1000,1000,1000,1000,1000,1000,1000,1000,1000,1000,1000,1000,1000,1000,1000,1000,1000,1000,1000,1000,1000,1000,1000,1000,1000,1000,1000,1000,1000,1000,1000,1000,1000,1000,1000
448.01,460.96,474.15,487.56,501.19,515.01,529.01,543.17,557.46,571.86,586.34,600.87,615.42,629.94,644.41,658.8,673.06,687.15,701.06,714.74,728.17,741.31,754.14,766.65,778.81,790.61,802.03,813.08,823.75,834.04,843.95,853.51,862.73,871.64,880.28,888.7,897,905.31,913.82,922.87,932.98,945.07,960.76,983,1000,1000,1000,1000,1000,1000,1000,1000,1000,1000,1000,1000,1000,1000,1000,1000,1000,1000,1000,1000,1000,1000,1000,1000,1000,1000,1000,1000,1000,1000,1000,1000,1000,1000,1000,1000,1000,1000,1000
460.96,474.15,487.56,501.19,515.01,529.01,543.17,557.46,571.86,586.35,600.87,615.42,629.94,644.41,658.8,673.06,687.15,701.06,714.74,728.17,741.31,754.15,766.65,778.81,790.61,802.03,813.08,823.75,834.04,843.95,853.51,862.73,871.64,880.28,888.7,897,905.31,913.82,922.87,932.98,945.07,960.76,983,1000,1000,1000,1000,1000,1000,1000,1000,1000,1000,1000,1000,1000,1000,1000,1000,1000,1000,1000,1000,1000,1000,1000,1000,1000,1000,1000,1000,1000,1000,1000,1000,1000,1000,1000,1000,1000,1000,1000,1000
474.15,487.56,501.19,515.01,529.01,543.17,557.46,571.86,586.34,600.87,615.41,629.94,644.41,658.8,673.06,687.15,701.06,714.74,728.17,741.31,754.15,766.65,778.81,790.61,802.03,813.08,823.75,834.04,843.95,853.51,862.73,871.64,880.28,888.7,897,905.31,913.82,922.87,932.98,945.07,960.76,983,1000,1000,1000,1000,1000,1000,1000,1000,1000,1000,1000,1000,1000,1000,1000,1000,1000,1000,1000,1000,1000,1000,1000,1000,1000,1000,1000,1000,1000,1000,1000,1000,1000,1000,1000,1000,1000,1000,1000,1000,1000
487.56,501.19,515.01,529.01,543.17,557.46,571.86,586.35,600.87,615.42,629.94,644.41,658.8,673.06,687.15,701.06,714.74,728.17,741.31,754.14,766.65,778.81,790.61,802.03,813.08,823.75,834.04,843.95,853.51,862.73,871.64,880.28,888.7,897,905.31,913.82,922.87,932.98,945.07,960.76,983,1000,1000,1000,1000,1000,1000,1000,1000,1000,1000,1000,1000,1000,1000,1000,1000,1000,1000,1000,1000,1000,1000,1000,1000,1000,1000,1000,1000,1000,1000,1000,1000,1000,1000,1000,1000,1000,1000,1000,1000,1000,1000
501.19,515.01,529.01,543.17,557.46,571.86,586.34,600.87,615.41,629.94,644.41,658.8,673.06,687.15,701.06,714.74,728.17,741.31,754.14,766.65,778.81,790.61,802.03,813.08,823.75,834.04,843.95,853.51,862.73,871.64,880.28,888.7,897,905.31,913.82,922.87,932.98,945.07,960.76,983,1000,1000,1000,1000,1000,1000,1000,1000,1000,1000,1000,1000,1000,1000,1000,1000,1000,1000,1000,1000,1000,1000,1000,1000,1000,1000,1000,1000,1000,1000,1000,1000,1000,1000,1000,1000,1000,1000,1000,1000,1000,1000,1000
515.01,529.01,543.17,557.46,571.86,586.34,600.87,615.42,629.94,644.41,658.8,673.06,687.15,701.06,714.74,728.17,741.31,754.14,766.65,778.81,790.61,802.03,813.08,823.75,834.04,843.95,853.51,862.73,871.64,880.28,888.7,897,905.31,913.82,922.87,932.98,945.07,960.76,983,1000,1000,1000,1000,1000,1000,1000,1000,1000,1000,1000,1000,1000,1000,1000,1000,1000,1000,1000,1000,1000,1000,1000,1000,1000,1000,1000,1000,1000,1000,1000,1000,1000,1000,1000,1000,1000,1000,1000,1000,1000,1000,1000,1000
529.01,543.17,557.46,571.86,586.34,600.87,615.42,629.94,644.41,658.8,673.06,687.16,701.06,714.74,728.17,741.31,754.14,766.65,778.81,790.61,802.03,813.08,823.75,834.04,843.95,853.51,862.73,871.64,880.28,888.7,897,905.31,913.82,922.87,932.98,945.07,960.76,983,1000,1000,1000,1000,1000,1000,1000,1000,1000,1000,1000,1000,1000,1000,1000,1000,1000,1000,1000,1000,1000,1000,1000,1000,1000,1000,1000,1000,1000,1000,1000,1000,1000,1000,1000,1000,1000,1000,1000,1000,1000,1000,1000,1000,1000
543.17,557.46,571.86,586.34,600.87,615.41,629.94,644.41,658.8,673.06,687.15,701.06,714.74,728.17,741.31,754.14,766.65,778.81,790.61,802.03,813.08,823.75,834.04,843.95,853.51,862.73,871.64,880.28,888.7,897,905.31,913.82,922.87,932.98,945.07,960.76,983,1000,1000,1000,1000,1000,1000,1000,1000,1000,1000,1000,1000,1000,1000,1000,1000,1000,1000,1000,1000,1000,1000,1000,1000,1000,1000,1000,1000,1000,1000,1000,1000,1000,1000,1000,1000,1000,1000,1000,1000,1000,1000,1000,1000,1000,1000
557.46,571.86,586.34,600.87,615.41,629.94,644.41,658.8,673.06,687.16,701.06,714.74,728.17,741.31,754.14,766.65,778.81,790.61,802.03,813.08,823.75,834.04,843.95,853.51,862.73,871.64,880.28,888.7,897,905.31,913.82,922.87,932.98,945.07,960.76,983,1000,1000,1000,1000,1000,1000,1000,1000,1000,1000,1000,1000,1000,1000,1000,1000,1000,1000,1000,1000,1000,1000,1000,1000,1000,1000,1000,1000,1000,1000,1000,1000,1000,1000,1000,1000,1000,1000,1000,1000,1000,1000,1000,1000,1000,1000,1000
571.86,586.34,600.87,615.42,629.94,644.41,658.8,673.06,687.15,701.06,714.74,728.17,741.31,754.15,766.65,778.81,790.61,802.03,813.08,823.75,834.04,843.95,853.51,862.73,871.64,880.28,888.7,897,905.31,913.82,922.87,932.98,945.07,960.76,983,1000,1000,1000,1000,1000,1000,1000,1000,1000,1000,1000,1000,1000,1000,1000,1000,1000,1000,1000,1000,1000,1000,1000,1000,1000,1000,1000,1000,1000,1000,1000,1000,1000,1000,1000,1000,1000,1000,1000,1000,1000,1000,1000,1000,1000,1000,1000,1000
586.34,600.87,615.41,629.94,644.41,658.8,673.06,687.16,701.06,714.74,728.17,741.31,754.14,766.65,778.81,790.61,802.03,813.08,823.75,834.04,843.95,853.51,862.73,871.64,880.28,888.7,897,905.31,913.82,922.87,932.98,945.07,960.76,983,1000,1000,1000,1000,1000,1000,1000,1000,1000,1000,1000,1000,1000,1000,1000,1000,1000,1000,1000,1000,1000,1000,1000,1000,1000,1000,1000,1000,1000,1000,1000,1000,1000,1000,1000,1000,1000,1000,1000,1000,1000,1000,1000,1000,1000,1000,1000,1000,1000
600.87,615.41,629.94,644.41,658.8,673.06,687.16,701.06,714.74,728.17,741.31,754.14,766.65,778.81,790.61,802.03,813.08,823.75,834.04,843.95,853.51,862.73,871.64,880.28,888.7,897,905.31,913.82,922.87,932.98,945.07,960.76,983,1000,1000,1000,1000,1000,1000,1000,1000,1000,1000,1000,1000,1000,1000,1000,1000,1000,1000,1000,1000,1000,1000,1000,1000,1000,1000,1000,1000,1000,1000,1000,1000,1000,1000,1000,1000,1000,1000,1000,1000,1000,1000,1000,1000,1000,1000,1000,1000,1000,1000
615.42,629.94,644.41,658.8,673.06,687.15,701.06,714.74,728.17,741.31,754.14,766.65,778.81,790.61,802.03,813.08,823.75,834.04,843.95,853.51,862.73,871.64,880.28,888.7,897,905.31,913.82,922.87,932.98,945.07,960.76,983,1000,1000,1000,1000,1000,1000,1000,1000,1000,1000,1000,1000,1000,1000,1000,1000,1000,1000,1000,1000,1000,1000,1000,1000,1000,1000,1000,1000,1000,1000,1000,1000,1000,1000,1000,1000,1000,1000,1000,1000,1000,1000,1000,1000,1000,1000,1000,1000,1000,1000,1000
629.94,644.41,658.8,673.06,687.15,701.06,714.74,728.17,741.31,754.14,766.65,778.81,790.61,802.03,813.08,823.75,834.04,843.95,853.51,862.73,871.64,880.28,888.7,897,905.31,913.82,922.87,932.98,945.07,960.76,983,1000,1000,1000,1000,1000,1000,1000,1000,1000,1000,1000,1000,1000,1000,1000,1000,1000,1000,1000,1000,1000,1000,1000,1000,1000,1000,1000,1000,1000,1000,1000,1000,1000,1000,1000,1000,1000,1000,1000,1000,1000,1000,1000,1000,1000,1000,1000,1000,1000,1000,1000,1000
644.41,658.8,673.06,687.16,701.06,714.74,728.17,741.31,754.15,766.65,778.81,790.61,802.03,813.08,823.75,834.04,843.95,853.51,862.73,871.64,880.28,888.7,897,905.31,913.82,922.87,932.98,945.07,960.76,983,1000,1000,1000,1000,1000,1000,1000,1000,1000,1000,1000,1000,1000,1000,1000,1000,1000,1000,1000,1000,1000,1000,1000,1000,1000,1000,1000,1000,1000,1000,1000,1000,1000,1000,1000,1000,1000,1000,1000,1000,1000,1000,1000,1000,1000,1000,1000,1000,1000,1000,1000,1000,1000
658.8,673.06,687.15,701.06,714.74,728.17,741.31,754.15,766.65,778.81,790.61,802.03,813.08,823.75,834.04,843.95,853.51,862.73,871.64,880.28,888.7,897,905.31,913.82,922.87,932.98,945.07,960.76,983,1000,1000,1000,1000,1000,1000,1000,1000,1000,1000,1000,1000,1000,1000,1000,1000,1000,1000,1000,1000,1000,1000,1000,1000,1000,1000,1000,1000,1000,1000,1000,1000,1000,1000,1000,1000,1000,1000,1000,1000,1000,1000,1000,1000,1000,1000,1000,1000,1000,1000,1000,1000,1000,1000
673.06,687.15,701.06,714.74,728.17,741.31,754.14,766.65,778.81,790.61,802.03,813.08,823.75,834.04,843.95,853.51,862.73,871.64,880.28,888.7,897,905.31,913.82,922.87,932.98,945.07,960.76,983,1000,1000,1000,1000,1000,1000,1000,1000,1000,1000,1000,1000,1000,1000,1000,1000,1000,1000,1000,1000,1000,1000,1000,1000,1000,1000,1000,1000,1000,1000,1000,1000,1000,1000,1000,1000,1000,1000,1000,1000,1000,1000,1000,1000,1000,1000,1000,1000,1000,1000,1000,1000,1000,1000,1000
687.16,701.06,714.74,728.17,741.31,754.14,766.65,778.81,790.61,802.03,813.08,823.75,834.04,843.95,853.51,862.73,871.64,880.28,888.7,897,905.31,913.82,922.87,932.98,945.07,960.76,983,1000,1000,1000,1000,1000,1000,1000,1000,1000,1000,1000,1000,1000,1000,1000,1000,1000,1000,1000,1000,1000,1000,1000,1000,1000,1000,1000,1000,1000,1000,1000,1000,1000,1000,1000,1000,1000,1000,1000,1000,1000,1000,1000,1000,1000,1000,1000,1000,1000,1000,1000,1000,1000,1000,1000,1000
701.06,714.74,728.17,741.31,754.14,766.65,778.81,790.61,802.03,813.08,823.75,834.04,843.95,853.51,862.73,871.64,880.28,888.7,897,905.31,913.82,922.87,932.98,945.07,960.76,983,1000,1000,1000,1000,1000,1000,1000,1000,1000,1000,1000,1000,1000,1000,1000,1000,1000,1000,1000,1000,1000,1000,1000,1000,1000,1000,1000,1000,1000,1000,1000,1000,1000,1000,1000,1000,1000,1000,1000,1000,1000,1000,1000,1000,1000,1000,1000,1000,1000,1000,1000,1000,1000,1000,1000,1000,1000
714.74,728.17,741.31,754.14,766.65,778.81,790.61,802.03,813.08,823.75,834.04,843.95,853.51,862.73,871.64,880.28,888.7,897,905.31,913.82,922.87,932.98,945.07,960.76,983,1000,1000,1000,1000,1000,1000,1000,1000,1000,1000,1000,1000,1000,1000,1000,1000,1000,1000,1000,1000,1000,1000,1000,1000,1000,1000,1000,1000,1000,1000,1000,1000,1000,1000,1000,1000,1000,1000,1000,1000,1000,1000,1000,1000,1000,1000,1000,1000,1000,1000,1000,1000,1000,1000,1000,1000,1000,1000
728.17,741.31,754.14,766.65,778.81,790.61,802.03,813.08,823.75,834.04,843.95,853.51,862.73,871.64,880.27,888.7,897,905.31,913.82,922.87,932.98,945.07,960.76,983,1000,1000,1000,1000,1000,1000,1000,1000,1000,1000,1000,1000,1000,1000,1000,1000,1000,1000,1000,1000,1000,1000,1000,1000,1000,1000,1000,1000,1000,1000,1000,1000,1000,1000,1000,1000,1000,1000,1000,1000,1000,1000,1000,1000,1000,1000,1000,1000,1000,1000,1000,1000,1000,1000,1000,1000,1000,1000,1000
741.31,754.14,766.65,778.81,790.61,802.03,813.08,823.75,834.04,843.95,853.51,862.73,871.64,880.28,888.7,897,905.31,913.82,922.87,932.98,945.07,960.76,983,1000,1000,1000,1000,1000,1000,1000,1000,1000,1000,1000,1000,1000,1000,1000,1000,1000,1000,1000,1000,1000,1000,1000,1000,1000,1000,1000,1000,1000,1000,1000,1000,1000,1000,1000,1000,1000,1000,1000,1000,1000,1000,1000,1000,1000,1000,1000,1000,1000,1000,1000,1000,1000,1000,1000,1000,1000,1000,1000,1000
754.15,766.65,778.81,790.61,802.03,813.08,823.75,834.04,843.95,853.51,862.73,871.64,880.28,888.7,897,905.31,913.82,922.87,932.98,945.07,960.76,983,1000,1000,1000,1000,1000,1000,1000,1000,1000,1000,1000,1000,1000,1000,1000,1000,1000,1000,1000,1000,1000,1000,1000,1000,1000,1000,1000,1000,1000,1000,1000,1000,1000,1000,1000,1000,1000,1000,1000,1000,1000,1000,1000,1000,1000,1000,1000,1000,1000,1000,1000,1000,1000,1000,1000,1000,1000,1000,1000,1000,1000
766.65,778.81,790.61,802.03,813.08,823.75,834.04,843.95,853.51,862.73,871.64,880.28,888.7,897,905.31,913.82,922.87,932.98,945.07,960.76,983,1000,1000,1000,1000,1000,1000,1000,1000,1000,1000,1000,1000,1000,1000,1000,1000,1000,1000,1000,1000,1000,1000,1000,1000,1000,1000,1000,1000,1000,1000,1000,1000,1000,1000,1000,1000,1000,1000,1000,1000,1000,1000,1000,1000,1000,1000,1000,1000,1000,1000,1000,1000,1000,1000,1000,1000,1000,1000,1000,1000,1000,1000
778.81,790.61,802.03,813.08,823.75,834.04,843.95,853.51,862.73,871.64,880.28,888.7,897,905.31,913.82,922.87,932.98,945.07,960.76,983,1000,1000,1000,1000,1000,1000,1000,1000,1000,1000,1000,1000,1000,1000,1000,1000,1000,1000,1000,1000,1000,1000,1000,1000,1000,1000,1000,1000,1000,1000,1000,1000,1000,1000,1000,1000,1000,1000,1000,1000,1000,1000,1000,1000,1000,1000,1000,1000,1000,1000,1000,1000,1000,1000,1000,1000,1000,1000,1000,1000,1000,1000,1000
790.61,802.03,813.08,823.75,834.04,843.95,853.51,862.73,871.64,880.28,888.7,897,905.31,913.82,922.87,932.98,945.07,960.76,983,1000,1000,1000,1000,1000,1000,1000,1000,1000,1000,1000,1000,1000,1000,1000,1000,1000,1000,1000,1000,1000,1000,1000,1000,1000,1000,1000,1000,1000,1000,1000,1000,1000,1000,1000,1000,1000,1000,1000,1000,1000,1000,1000,1000,1000,1000,1000,1000,1000,1000,1000,1000,1000,1000,1000,1000,1000,1000,1000,1000,1000,1000,1000,1000
802.03,813.08,823.75,834.04,843.95,853.51,862.73,871.64,880.28,888.7,897,905.31,913.82,922.87,932.98,945.08,960.76,983,1000,1000,1000,1000,1000,1000,1000,1000,1000,1000,1000,1000,1000,1000,1000,1000,1000,1000,1000,1000,1000,1000,1000,1000,1000,1000,1000,1000,1000,1000,1000,1000,1000,1000,1000,1000,1000,1000,1000,1000,1000,1000,1000,1000,1000,1000,1000,1000,1000,1000,1000,1000,1000,1000,1000,1000,1000,1000,1000,1000,1000,1000,1000,1000,1000
813.08,823.75,834.04,843.95,853.51,862.73,871.64,880.28,888.7,897,905.31,913.82,922.87,932.98,945.07,960.76,983,1000,1000,1000,1000,1000,1000,1000,1000,1000,1000,1000,1000,1000,1000,1000,1000,1000,1000,1000,1000,1000,1000,1000,1000,1000,1000,1000,1000,1000,1000,1000,1000,1000,1000,1000,1000,1000,1000,1000,1000,1000,1000,1000,1000,1000,1000,1000,1000,1000,1000,1000,1000,1000,1000,1000,1000,1000,1000,1000,1000,1000,1000,1000,1000,1000,1000
823.75,834.04,843.95,853.51,862.73,871.64,880.28,888.7,897,905.31,913.82,922.87,932.98,945.07,960.76,983,1000,1000,1000,1000,1000,1000,1000,1000,1000,1000,1000,1000,1000,1000,1000,1000,1000,1000,1000,1000,1000,1000,1000,1000,1000,1000,1000,1000,1000,1000,1000,1000,1000,1000,1000,1000,1000,1000,1000,1000,1000,1000,1000,1000,1000,1000,1000,1000,1000,1000,1000,1000,1000,1000,1000,1000,1000,1000,1000,1000,1000,1000,1000,1000,1000,1000,1000
834.04,843.95,853.51,862.73,871.64,880.28,888.7,897,905.31,913.82,922.87,932.98,945.07,960.76,983,1000,1000,1000,1000,1000,1000,1000,1000,1000,1000,1000,1000,1000,1000,1000,1000,1000,1000,1000,1000,1000,1000,1000,1000,1000,1000,1000,1000,1000,1000,1000,1000,1000,1000,1000,1000,1000,1000,1000,1000,1000,1000,1000,1000,1000,1000,1000,1000,1000,1000,1000,1000,1000,1000,1000,1000,1000,1000,1000,1000,1000,1000,1000,1000,1000,1000,1000,1000
843.95,853.51,862.73,871.64,880.28,888.7,897,905.31,913.82,922.87,932.98,945.07,960.76,983,1000,1000,1000,1000,1000,1000,1000,1000,1000,1000,1000,1000,1000,1000,1000,1000,1000,1000,1000,1000,1000,1000,1000,1000,1000,1000,1000,1000,1000,1000,1000,1000,1000,1000,1000,1000,1000,1000,1000,1000,1000,1000,1000,1000,1000,1000,1000,1000,1000,1000,1000,1000,1000,1000,1000,1000,1000,1000,1000,1000,1000,1000,1000,1000,1000,1000,1000,1000,1000
853.51,862.73,871.64,880.28,888.7,897,905.31,913.82,922.87,932.98,945.07,960.76,983,1000,1000,1000,1000,1000,1000,1000,1000,1000,1000,1000,1000,1000,1000,1000,1000,1000,1000,1000,1000,1000,1000,1000,1000,1000,1000,1000,1000,1000,1000,1000,1000,1000,1000,1000,1000,1000,1000,1000,1000,1000,1000,1000,1000,1000,1000,1000,1000,1000,1000,1000,1000,1000,1000,1000,1000,1000,1000,1000,1000,1000,1000,1000,1000,1000,1000,1000,1000,1000,1000
862.73,871.64,880.28,888.7,897,905.31,913.82,922.87,932.98,945.07,960.76,983,1000,1000,1000,1000,1000,1000,1000,1000,1000,1000,1000,1000,1000,1000,1000,1000,1000,1000,1000,1000,1000,1000,1000,1000,1000,1000,1000,1000,1000,1000,1000,1000,1000,1000,1000,1000,1000,1000,1000,1000,1000,1000,1000,1000,1000,1000,1000,1000,1000,1000,1000,1000,1000,1000,1000,1000,1000,1000,1000,1000,1000,1000,1000,1000,1000,1000,1000,1000,1000,1000,1000
871.64,880.28,888.7,897,905.31,913.82,922.87,932.98,945.07,960.76,983,1000,1000,1000,1000,1000,1000,1000,1000,1000,1000,1000,1000,1000,1000,1000,1000,1000,1000,1000,1000,1000,1000,1000,1000,1000,1000,1000,1000,1000,1000,1000,1000,1000,1000,1000,1000,1000,1000,1000,1000,1000,1000,1000,1000,1000,1000,1000,1000,1000,1000,1000,1000,1000,1000,1000,1000,1000,1000,1000,1000,1000,1000,1000,1000,1000,1000,1000,1000,1000,1000,1000,1000
880.28,888.7,897,905.31,913.82,922.87,932.98,945.07,960.76,983,1000,1000,1000,1000,1000,1000,1000,1000,1000,1000,1000,1000,1000,1000,1000,1000,1000,1000,1000,1000,1000,1000,1000,1000,1000,1000,1000,1000,1000,1000,1000,1000,1000,1000,1000,1000,1000,1000,1000,1000,1000,1000,1000,1000,1000,1000,1000,1000,1000,1000,1000,1000,1000,1000,1000,1000,1000,1000,1000,1000,1000,1000,1000,1000,1000,1000,1000,1000,1000,1000,1000,1000,1000
888.7,897,905.31,913.82,922.87,932.98,945.07,960.76,983,1000,1000,1000,1000,1000,1000,1000,1000,1000,1000,1000,1000,1000,1000,1000,1000,1000,1000,1000,1000,1000,1000,1000,1000,1000,1000,1000,1000,1000,1000,1000,1000,1000,1000,1000,1000,1000,1000,1000,1000,1000,1000,1000,1000,1000,1000,1000,1000,1000,1000,1000,1000,1000,1000,1000,1000,1000,1000,1000,1000,1000,1000,1000,1000,1000,1000,1000,1000,1000,1000,1000,1000,1000,1000
897,905.31,913.82,922.87,932.98,945.07,960.76,983,1000,1000,1000,1000,1000,1000,1000,1000,1000,1000,1000,1000,1000,1000,1000,1000,1000,1000,1000,1000,1000,1000,1000,1000,1000,1000,1000,1000,1000,1000,1000,1000,1000,1000,1000,1000,1000,1000,1000,1000,1000,1000,1000,1000,1000,1000,1000,1000,1000,1000,1000,1000,1000,1000,1000,1000,1000,1000,1000,1000,1000,1000,1000,1000,1000,1000,1000,1000,1000,1000,1000,1000,1000,1000,1000
905.31,913.82,922.87,932.98,945.07,960.76,983,1000,1000,1000,1000,1000,1000,1000,1000,1000,1000,1000,1000,1000,1000,1000,1000,1000,1000,1000,1000,1000,1000,1000,1000,1000,1000,1000,1000,1000,1000,1000,1000,1000,1000,1000,1000,1000,1000,1000,1000,1000,1000,1000,1000,1000,1000,1000,1000,1000,1000,1000,1000,1000,1000,1000,1000,1000,1000,1000,1000,1000,1000,1000,1000,1000,1000,1000,1000,1000,1000,1000,1000,1000,1000,1000,1000
